1,0.016508719401298007
2,0.00821522811022155
3,0.006394187943300861
4,0.005601315403319996
5,0.005119417991172843
6,0.004777609628564055
7,0.00452713393850149
8,0.004346273196794437
9,0.00421845272057963
10,0.004129763168203787
11,0.004068500967544916
12,0.004022675241756515
13,0.003978483943844522
14,0.003921371595330035
15,0.003839387077141076
16,0.0037269871176828966
17,0.0035889425604505505
18,0.0034412084427504677
19,0.0033016569972799427
20,0.003182608828424717
21,0.0030911515537497157
22,0.003023469485254301
23,0.0029684516539215523
24,0.002918712711048561
25,0.002871332139553608
26,0.00282538352629837
27,0.002780682905931246
28,0.0027373174371330784
29,0.00269545156352472
30,0.0026552397073347157
31,0.002616791845758041
32,0.0025801682327853737
33,0.002545387849685446
34,0.002512440492730218
35,0.002481297355701232
36,0.0024519185677149605
37,0.002424257950221659
38,0.0023982657725628537
39,0.002373890240209474
40,0.002351078271768254
41,0.0023297759505120134
42,0.002309928899493177
43,0.002291482726558073
44,0.0022743836083959227
45,0.002258579019559445
46,0.002244018556619551
47,0.002230654761279017
48,0.002218443816880409
49,0.0022073459875661147
50,0.0021973256910898594
51,0.0021883511414269204
52,0.002180393556962527
53,0.0021734259919864753
54,0.0021674219012497073
55,0.002162353580310869
56,0.0021581906347029243
57,0.0021548986209723206
58,0.0021524379789551944
59,0.002150763344649946
60,0.0021498233017585343
61,0.002149560598677305
62,0.002149912824902339
63,0.002150813504734244
64,0.0021521935275469277
65,0.0021539827972408255
66,0.002156111956282839
67,0.0021585140296675413
68,0.0021611258458484298
69,0.002163889124416379
70,0.0021667511676890685
71,0.002169665145519395
72,0.002172590009466735
73,0.002175490106573392
74,0.0021783345812670498
75,0.0021810966572298543
76,0.002183752882993026
77,0.0021862824100080105
78,0.00218866635405562
79,0.00219088727302462
80,0.0021929287780160273
81,0.0021947752811366044
82,0.0021964118724066297
83,0.002197824309835987
84,0.002198999100827106
85,0.002199923649590584
86,0.002200586444166231
87,0.0022009772577850097
88,0.002201087342392953
89,0.00220090959666626
90,0.0022004386961304756
91,0.00219967117833427
92,0.0021986054807899415
93,0.002197241933140312
94,0.002195582707535644
95,0.0021936317325778314
96,0.00219139457662006
97,0.0021888783060536134
98,0.0021860913237791023
99,0.002183043192622137
100,0.0021797444481559845
101,0.00217620640528335
102,0.0021724409629450578
103,0.00216846041137183
104,0.0021642772462460618
105,0.0021599039939187224
106,0.0021553530513682374
107,0.002150636543903746
108,0.002145766202766284
109,0.002140753263824589
110,0.0021356083876132668
111,0.0021303416000932984
112,0.0021249622527913553
113,0.0021194790004423385
114,0.0021138997939268455
115,0.002108231886150106
116,0.002102481848530669
117,0.002096655595908394
118,0.002090758417923186
119,0.00208479501519394
120,0.002078769538945922
121,0.002072685633028932
122,0.0020665464775658764
123,0.002060354833713416
124,0.00205411308923754
125,0.0020478233047820137
126,0.0020414872608367877
127,0.002035106505515779
128,0.0020286824033073202
129,0.0020222161849940347
130,0.002015708998936064
131,0.0020091619638797882
132,0.0020025762234081776
133,0.001995953002067595
134,0.001989293663110851
135,0.0019825997676741975
136,0.0019758731350630553
137,0.001969115903658152
138,0.001962330591756433
139,0.0019555201574558436
140,0.0019486880564432926
141,0.0019418382962882832
142,0.0019349754855581365
143,0.0019281048757685542
144,0.001921232393882256
145,0.0019143646627666773
146,0.0019075090067534135
147,0.001900673439245549
148,0.0018938666291469198
149,0.0018870978429908344
150,0.0018803768597384658
151,0.0018737138557255158
152,0.0018671192579158783
153,0.0018606035646916166
154,0.0018541771348107455
155,0.0018478499469494962
156,0.0018416313343537546
157,0.0018355297014840063
158,0.0018295522320188628
159,0.0018237046000034944
160,0.001817990698058428
161,0.0018124123981403328
162,0.0018069693611073735
163,0.0018016589110178994
164,0.001796475988494721
165,0.001791413194477009
166,0.0017864609312567333
167,0.0017816076419840889
168,0.0017768401431356845
169,0.001772144037246024
170,0.0017675041861924686
171,0.0017629052192574856
172,0.0017583320459399537
173,0.0017537703417840262
174,0.0017492069768536825
175,0.001744630361023912
176,0.0017400306876084928
177,0.0017354000661417542
178,0.0017307325451544119
179,0.0017260240351679662
180,0.0017212721496301445
181,0.0017164759862770746
182,0.0017116358730901054
183,0.0017067531018284312
184,0.0017018296686978139
185,0.0016968680369482834
186,0.0016918709309733956
187,0.0016868411665901782
188,0.0016817815181084362
189,0.001676694619832249
190,0.0016715828977574897
191,0.0016664485263377217
192,0.0016612934050426224
193,0.0016561191497904216
194,0.0016509270949884981
195,0.0016457183026944242
196,0.0016404935761765336
197,0.001635253475861102
198,0.0016299983362422074
199,0.001624728282808242
200,0.0016194432484013608
201,0.0016141429886881175
202,0.001608827096608874
203,0.001603495015790733
204,0.0015981460529890484
205,0.001592779389664316
206,0.0015873940928135461
207,0.0015819891251943948
208,0.0015765633550577562
209,0.0015711155655070829
210,0.0015656444635847343
211,0.0015601486891701584
212,0.0015546268237654245
213,0.001549077399227972
214,0.0015434989065006136
215,0.0015378898043806625
216,0.0015322485283570464
217,0.001526573499542779
218,0.0015208631337208162
219,0.001515115850515998
220,0.0015093300827014441
221,0.0015035042856445296
222,0.001497636946891579
223,0.0014917265958865418
224,0.0014857718138182314
225,0.001479771243578803
226,0.0014737235998211005
227,0.0014676276790901983
228,0.001461482370003957
229,0.0014552866634486882
230,0.0014490396627567918
231,0.0014427405938185916
232,0.001436388815084698
233,0.0014299838273846995
234,0.0014235252836120895
235,0.0014170129979561008
236,0.0014104469549427673
237,0.001403827317956581
238,0.0013971544372830293
239,0.0013904288575569503
240,0.0013836513245384999
241,0.0013768227911155348
242,0.0013699444224436867
243,0.0013630176001205416
244,0.0013560439252862638
245,0.001349025220549761
246,0.0013419635306137232
247,0.001334861121506796
248,0.001327720478291875
249,0.0013205443011514418
250,0.0013133354997472554
251,0.0013060971857659957
252,0.0012988326635754253
253,0.0012915454189447785
254,0.0012842391058088436
255,0.0012769175310912346
256,0.0012695846376443265
257,0.0012622444854102515
258,0.0012549012309591948
259,0.0012475591056106549
260,0.0012402223923996553
261,0.001232895402192314
262,0.0012255824493115478
263,0.0012182878270448681
264,0.0012110157834551703
265,0.0012037704979036082
266,0.0011965560586961654
267,0.0011893764422424525
268,0.001182235494068737
269,0.0011751369119859523
270,0.0011680842316301701
271,0.0011610808145324676
272,0.0011541298387746455
273,0.0011472342922149773
274,0.0011403969681757992
275,0.0011336204634019504
276,0.0011269071780381065
277,0.0011202593173009513
278,0.0011136788944924065
279,0.0011071677349534861
280,0.001100727480554581
281,0.001094359594319491
282,0.0010880653647791748
283,0.0010818459097015774
284,0.0010757021788572385
285,0.0010696349555290026
286,0.0010636448565507419
287,0.0010577323306772042
288,0.001051897655194442
289,0.0010461409307449367
290,0.0010404620744120388
291,0.0010348608112280445
292,0.0010293366643753998
293,0.001023888944433241
294,0.0010185167381817515
295,0.0010132188975583783
296,0.0010079940294739837
297,0.001002840487289668
298,9.977563648148773E-4
299,9.927394937074916E-4
300,9.877874451546368E-4
301,9.82897536638251E-4
302,9.780668444877318E-4
303,9.732922227424819E-4
304,9.685703286350828E-4
305,9.638976547515166E-4
306,9.592705676176019E-4
307,9.546853521404373E-4
308,9.501382610422156E-4
309,9.456255680872666E-4
310,9.411436236390348E-4
311,9.366889108809274E-4
312,9.322581008671682E-4
313,9.278481045283334E-4
314,9.234561197724162E-4
315,9.190796719656376E-4
316,9.147166463042375E-4
317,9.103653108962684E-4
318,9.060243297620129E-4
319,9.016927653861631E-4
320,8.973700709117412E-4
321,8.930560725147575E-4
322,8.887509429110563E-4
323,8.84455167301693E-4
324,8.80169503362262E-4
325,8.758949370653859E-4
326,8.716326362192057E-4
327,8.673839036056787E-4
328,8.631501314935321E-4
329,8.589327591239405E-4
330,8.54733234475396E-4
331,8.505529813314528E-4
332,8.463933722862208E-4
333,8.42255707988759E-4
334,8.381412025575661E-4
335,8.34050974797647E-4
336,8.299860445830918E-4
337,8.259473336015008E-4
338,8.219356695119188E-4
339,8.179517925765888E-4
340,8.139963638370631E-4
341,8.100699739777835E-4
342,8.061731522164841E-4
343,8.02306374649376E-4
344,7.984700716841669E-4
345,7.946646343049386E-4
346,7.908904190801222E-4
347,7.871477519065819E-4
348,7.834369305643186E-4
349,7.797582261960364E-4
350,7.761118838825914E-4
351,7.724981224472585E-4
352,7.68917133678E-4
353,7.65369081092062E-4
354,7.618540984082323E-4
355,7.583722878167633E-4
356,7.549237181823268E-4
357,7.515084232570389E-4
358,7.481263999791521E-4
359,7.4477760692295E-4
360,7.414619629520289E-4
361,7.381793460983363E-4
362,7.349295927098474E-4
363,7.317124968724272E-4
364,7.285278101121472E-4
365,7.253752413734126E-4
366,7.222544572812106E-4
367,7.191650826579705E-4
368,7.161067012834146E-4
369,7.130788568805731E-4
370,7.100810543123172E-4
371,7.071127609554641E-4
372,7.041734082464746E-4
373,7.012623933558732E-4
374,6.983790810014874E-4
375,6.955228053627762E-4
376,6.926928720870534E-4
377,6.898885603692938E-4
378,6.871091251206079E-4
379,6.843537991784542E-4
380,6.816217955838752E-4
381,6.789123099145382E-4
382,6.762245226681448E-4
383,6.7355760170825E-4
384,6.709107047640626E-4
385,6.682829819961318E-4
386,6.656735786387257E-4
387,6.63081637721712E-4
388,6.605063028745917E-4
389,6.579467212442589E-4
390,6.554020465132026E-4
391,6.528714420425336E-4
392,6.503540841518886E-4
393,6.478491655409138E-4
394,6.453558988671529E-4
395,6.428735204921015E-4
396,6.404012944027789E-4
397,6.379385163157262E-4
398,6.354845179686514E-4
399,6.330386716015821E-4
400,6.306003946368552E-4
401,6.28169154532949E-4
402,6.25744473814942E-4
403,6.233259352702597E-4
404,6.209131872657849E-4
405,6.18505949167808E-4
406,6.161040168136694E-4
407,6.137072679705166E-4
408,6.113156677222185E-4
409,6.089292736743447E-4
410,6.065482408840222E-4
411,6.041728263729562E-4
412,6.018033930679206E-4
413,5.994404129853363E-4
414,5.970844694574604E-4
415,5.947362581508705E-4
416,5.923965866252468E-4
417,5.900663721341912E-4
418,5.877466373559171E-4
419,5.854385037380202E-4
420,5.831431821276015E-4
421,5.808619603755736E-4
422,5.785961876315765E-4
423,5.76347255124518E-4
424,5.741165732977729E-4
425,5.719055453057166E-4
426,5.69715537061395E-4
427,5.675478442263811E-4
428,5.654036568156206E-4
429,5.632840223751599E-4
430,5.611898090197479E-4
431,5.591216699253801E-4
432,5.570800111697539E-4
433,5.550649649906901E-4
434,5.530763706220338E-4
435,5.511137647333822E-4
436,5.491763831496209E-4
437,5.472631749254974E-4
438,5.453728289888044E-4
439,5.435038125166197E-4
440,5.416544190819803E-4
441,5.398228235421879E-4
442,5.380071398530234E-4
443,5.362054776353794E-4
444,5.344159935388921E-4
445,5.326369342739966E-4
446,5.308666694772386E-4
447,5.291037141255499E-4
448,5.273467416503116E-4
449,5.2559458989388E-4
450,5.238462623030533E-4
451,5.221009262905123E-4
452,5.2035790962596E-4
453,5.186166945536771E-4
454,5.1687690853055E-4
455,5.151383104952709E-4
456,5.134007724986743E-4
457,5.116642580875253E-4
458,5.099288003796601E-4
459,5.081944834989758E-4
460,5.06461430423566E-4
461,5.047297982366945E-4
462,5.029997789527352E-4
463,5.012716016404448E-4
464,4.995455307337959E-4
465,4.978218569178231E-4
466,4.961008805011857E-4
467,4.943828913983744E-4
468,4.926681527256508E-4
469,4.909568948984585E-4
470,4.892493234396027E-4
471,4.8754563771350026E-4
472,4.858460520866996E-4
473,4.8415080858967507E-4
474,4.824601728126531E-4
475,4.8077441207623533E-4
476,4.790937638439843E-4
477,4.774184086146423E-4
478,4.7574846145749083E-4
479,4.740839890586815E-4
480,4.724250472710188E-4
481,4.707717232095544E-4
482,4.691241616481157E-4
483,4.674825609200856E-4
484,4.658471371194318E-4
485,4.6421807118505776E-4
486,4.62595463550739E-4
487,4.609793197742645E-4
488,4.5936957738130076E-4
489,4.5776616462813726E-4
490,4.561690653263443E-4
491,4.545783588586047E-4
492,4.529942144431168E-4
493,4.514168397039256E-4
494,4.498464058567056E-4
495,4.4828298441106074E-4
496,4.4672652642490897E-4
497,4.451768962029879E-4
498,4.436339456806917E-4
499,4.420975958420767E-4
500,4.405678872806582E-4
501,4.390449757921743E-4
502,4.375290743638318E-4
503,4.3602036802603544E-4
504,4.345189407628727E-4
505,4.3302474800858184E-4
506,4.315376470003625E-4
507,4.300574162791554E-4
508,4.285841033468974E-4
509,4.27117688486998E-4
510,4.2565813379480627E-4
511,4.242056708463184E-4
512,4.2276046574682863E-4
513,4.2132268052505776E-4
514,4.1989235333070014E-4
515,4.1846943063187964E-4
516,4.1705378889865595E-4
517,4.156453094896464E-4
518,4.142439333193308E-4
519,4.128496940108277E-4
520,4.1146270671995304E-4
521,4.1008312698954485E-4
522,4.087110961493967E-4
523,4.0734669864472367E-4
524,4.0598994635026377E-4
525,4.046407937939476E-4
526,4.0329917435543404E-4
527,4.019650407614078E-4
528,4.0063839329054123E-4
529,3.993192863065063E-4
530,3.980078134374782E-4
531,3.967040800652751E-4
532,3.9540817541150675E-4
533,3.9412015482971445E-4
534,3.928400373466636E-4
535,3.9156781693312147E-4
536,3.9030348107080916E-4
537,3.890470285681875E-4
538,3.8779848026131934E-4
539,3.865578799884498E-4
540,3.8532528723466845E-4
541,3.841007655862365E-4
542,3.8288437181849223E-4
543,3.816761492647293E-4
544,3.8047612686758586E-4
545,3.79284323047842E-4
546,3.781007520466794E-4
547,3.769254300645323E-4
548,3.757583791752716E-4
549,3.7459962819957253E-4
550,3.734492109198283E-4
551,3.723071628074554E-4
552,3.7117351763822816E-4
553,3.700483050767103E-4
554,3.689315497349648E-4
555,3.678232716151554E-4
556,3.667234874387395E-4
557,3.656322122108008E-4
558,3.645494604769416E-4
559,3.634752469568626E-4
560,3.624095865283034E-4
561,3.613524937185501E-4
562,3.6030398198775817E-4
563,3.5926406304861096E-4
564,3.582327464006921E-4
565,3.572100391401096E-4
566,3.561959460154754E-4
567,3.551904696358365E-4
568,3.541936107250399E-4
569,3.532053683404447E-4
570,3.5222574000054105E-4
571,3.512547217200219E-4
572,3.5029230796489543E-4
573,3.4933849157330407E-4
574,3.483932636625272E-4
575,3.474566135661935E-4
576,3.465285287962169E-4
577,3.456089950529578E-4
578,3.4469799625323554E-4
579,3.437955145749211E-4
580,3.4290153052026585E-4
581,3.420160229598327E-4
582,3.411389691870775E-4
583,3.4027034495019633E-4
584,3.394101244916668E-4
585,3.385582805741027E-4
586,3.3771478451824987E-4
587,3.368796062299522E-4
588,3.360527142458016E-4
589,3.352340757690061E-4
590,3.34423656722821E-4
591,3.336214217942322E-4
592,3.328273344903331E-4
593,3.320413571871713E-4
594,3.312634511877642E-4
595,3.3049357677211277E-4
596,3.297316932551713E-4
597,3.289777590354889E-4
598,3.2823173165533637E-4
599,3.274935678495604E-4
600,3.2676322360463577E-4
601,3.2604065420712395E-4
602,3.2532581430553154E-4
603,3.246186579560812E-4
604,3.2391913868615705E-4
605,3.2322720953856585E-4
606,3.225428231342263E-4
607,3.2186593171519795E-4
608,3.21196487207908E-4
609,3.205344412629806E-4
610,3.198797453176882E-4
611,3.192323506335478E-4
612,3.185922083576558E-4
613,3.1795926955828486E-4
614,3.173334852842431E-4
615,3.167148065973447E-4
616,3.16103184632364E-4
617,3.154985706241855E-4
618,3.1490091596713017E-4
619,3.1431017224113557E-4
620,3.137262912665925E-4
621,3.1314922512812966E-4
622,3.125789262303647E-4
623,3.120153473148786E-4
624,3.114584415178503E-4
625,3.10908162381171E-4
626,3.1036446391059065E-4
627,3.098273005819878E-4
628,3.092966274009148E-4
629,3.0877239990044286E-4
630,3.082545742067417E-4
631,3.077431070258127E-4
632,3.0723795571653274E-4
633,3.067390782641093E-4
634,3.062464333636563E-4
635,3.057599803766474E-4
636,3.0527967943259275E-4
637,3.048054913572887E-4
638,3.04337377803812E-4
639,3.038753011426979E-4
640,3.0341922463513604E-4
641,3.029691122673189E-4
642,3.0252492898717715E-4
643,3.020866404584208E-4
644,3.0165421339191953E-4
645,3.012276151793873E-4
646,3.0080681436952064E-4
647,3.003917801206232E-4
648,2.9998248289821194E-4
649,2.99578893647292E-4
650,2.991809848372721E-4
651,2.9878872919746416E-4
652,2.9840210130571986E-4
653,2.9802107563791004E-4
654,2.976456290205228E-4
655,2.972757375811639E-4
656,2.9691138059650187E-4
657,2.965525356586288E-4
658,2.961991848072097E-4
659,2.9585130675614167E-4
660,2.955088868127636E-4
661,2.9517190420499836E-4
662,2.948403483540732E-4
663,2.9451419792767935E-4
664,2.9419344791786767E-4
665,2.9387807452936686E-4
666,2.9356808087872496E-4
667,2.9326343731695976E-4
668,2.9296415963404323E-4
669,2.926702062235513E-4
670,2.923816137618427E-4
671,2.920983175770397E-4
672,2.9182039025973076E-4
673,2.9154772361700255E-4
674,2.912804539947347E-4
675,2.9101839155560016E-4
676,2.9076178861775704E-4
677,2.9051030178719653E-4
678,2.902643984793284E-4
679,2.900234444465732E-4
680,2.897883126543392E-4
681,2.89557812677414E-4
682,2.8933359337867786E-4
683,2.8911338921332793E-4
684,2.889003537652771E-4
685,2.8869011913164517E-4
686,2.884887951184329E-4
687,2.882878536115794E-4
688,2.8809928599705606E-4
689,2.87906232095593E-4
690,2.877325310258624E-4
691,2.8754443205444965E-4
692,2.8738993465112135E-4
693,2.8720063107959016E-4
694,2.870743931214525E-4
695,2.868708377521867E-4
696,2.8679203905044914E-4
697,2.865463263527223E-4
698,2.865561369963336E-4
699,2.8620796960197024E-4
700,2.86395933175619E-4
701,2.8581369978180097E-4
702,2.8637725675583294E-4
703,2.8527104064433195E-4
704,2.8665240023711687E-4
705,2.8437902439706393E-4
706,2.8758957083696384E-4
707,2.8271623833418336E-4
708,2.9015273285944713E-4
709,2.794696028918311E-4
710,2.97184018658132E-4
711,2.735012246284961E-4
712,3.156849359301086E-4
713,2.686471230660525E-4
714,3.434832607392944E-4
715,2.8466249503733554E-4
716,3.550524884550101E-4
717,2.8851431816427685E-4
718,3.529453529068498E-4
719,2.780879911727189E-4
720,3.57568020267817E-4
721,2.8235630825120786E-4
722,3.558777007457839E-4
723,2.771494193937105E-4
724,3.644057105343942E-4
725,2.8635730879698375E-4
726,3.61694564778207E-4
727,2.8007803723656394E-4
728,3.719019411074998E-4
729,2.903174067891971E-4
730,3.7210236453881403E-4
731,2.892743489788007E-4
732,3.7572972586855753E-4
733,2.900345961756038E-4
734,3.780777857704773E-4
735,2.9376512260703735E-4
736,3.8423680343815724E-4
737,2.999852107883757E-4
738,3.9615298463370485E-4
739,3.14799427987752E-4
740,4.232363764639552E-4
741,3.471130867345177E-4
742,4.319910485747121E-4
743,3.724059021566265E-4
744,3.870351600465362E-4
745,3.5441738403299957E-4
746,4.0195602572937677E-4
747,3.664291611729782E-4
748,3.8533529338575124E-4
749,3.5629997522376803E-4
750,3.998883562874815E-4
751,3.673100334244865E-4
752,3.836513455761119E-4
753,3.5600861783001767E-4
754,4.004834041398502E-4
755,3.6871736402436557E-4
756,3.7973762470786107E-4
757,3.5308646654642206E-4
758,4.0422196672463504E-4
759,3.715118081300233E-4
760,3.724654160497314E-4
761,3.46605122051855E-4
762,4.13735698606147E-4
763,3.771288260504771E-4
764,3.605842707662272E-4
765,3.353725085758927E-4
766,4.3095030843447884E-4
767,3.84439065750116E-4
768,3.4809086685420816E-4
769,3.2346452573329005E-4
770,4.450244492334672E-4
771,3.858838969063101E-4
772,3.4372097555064373E-4
773,3.1853422004849633E-4
774,4.4888347503865307E-4
775,3.844557772988176E-4
776,3.413197087509612E-4
777,3.1550691143852205E-4
778,4.507844825475619E-4
779,3.831907143942241E-4
780,3.3841503679235806E-4
781,3.1234973454479723E-4
782,4.5237163985044945E-4
783,3.814587601230773E-4
784,3.3617347949396276E-4
785,3.0966692451263984E-4
786,4.535919952807472E-4
787,3.7973098659640174E-4
788,3.3397146520159883E-4
789,3.071353537185889E-4
790,4.5459701057975696E-4
791,3.7783172672944444E-4
792,3.321000992535558E-4
793,3.048691985519659E-4
794,4.553878273973475E-4
795,3.758984710102363E-4
796,3.303813809280111E-4
797,3.0279419085912495E-4
798,4.5600069312391614E-4
799,3.7389185114707757E-4
800,3.28890164173234E-4
801,3.0092095464769367E-4
802,4.564187641068679E-4
803,3.718453451112867E-4
804,3.2757677391457413E-4
805,2.9922592884287986E-4
806,4.5663430312842295E-4
807,3.697507426195236E-4
808,3.2645553241819825E-4
809,2.976975012622535E-4
810,4.5662010729357835E-4
811,3.676134249211163E-4
812,3.2551003777493606E-4
813,2.963185322959182E-4
814,4.5635475964796906E-4
815,3.654305425396274E-4
816,3.247387793053113E-4
817,2.9507282892640734E-4
818,4.558163318060772E-4
819,3.6320249758712056E-4
820,3.2413250800135814E-4
821,2.939439743810254E-4
822,4.5499123469940105E-4
823,3.60928241322002E-4
824,3.2368661719895487E-4
825,2.929166872875217E-4
826,4.5387231165024025E-4
827,3.58607773289765E-4
828,3.2339517876173185E-4
829,2.919773522951251E-4
830,4.524599800825217E-4
831,3.5624021430844487E-4
832,3.2325545462863676E-4
833,2.911144100629443E-4
834,4.5075959863981297E-4
835,3.538243785744217E-4
836,3.232656945300485E-4
837,2.903186055925234E-4
838,4.487797415234732E-4
839,3.5135768164956937E-4
840,3.2342726968295624E-4
841,2.895829566297712E-4
842,4.4652946954112943E-4
843,3.4883630920911517E-4
844,3.23743505351495E-4
845,2.889027651373425E-4
846,4.440163281512772E-4
847,3.4625445704495987E-4
848,3.2422110816488E-4
849,2.882755290238229E-4
850,4.4124424655573517E-4
851,3.436042699527165E-4
852,3.2486955091803253E-4
853,2.8770096767896815E-4
854,4.382118236967007E-4
855,3.4087508111720825E-4
856,3.2570262269251184E-4
857,2.871811368267403E-4
858,4.3491084129450774E-4
859,3.380530097592325E-4
860,3.2673829659966554E-4
861,2.867207358217913E-4
862,4.3132491135060535E-4
863,3.35120141026512E-4
864,3.280008978827812E-4
865,2.863275866807622E-4
866,4.274279067981795E-4
867,3.3205390668702956E-4
868,3.295216544453172E-4
869,2.860133897479534E-4
870,4.231833533912228E-4
871,3.288263848371269E-4
872,3.313414917569195E-4
873,2.8579483101256597E-4
874,4.1854430524043413E-4
875,3.2540454132107136E-4
876,3.3351203522550155E-4
877,2.8569474172690854E-4
878,4.134566144411119E-4
879,3.2175219720044057E-4
880,3.360967377940029E-4
881,2.8574304176247334E-4
882,4.0786838447713186E-4
883,3.178365020753765E-4
884,3.3916636919878207E-4
885,2.85975613783988E-4
886,4.017538195429904E-4
887,3.136434177106376E-4
888,3.427834758808756E-4
889,2.8642760145792E-4
890,3.9516109282170886E-4
891,3.092080418401231E-4
892,3.469619685947952E-4
893,2.8711408992672486E-4
894,3.8828986873331374E-4
895,3.0465997700989853E-4
896,3.515906204596694E-4
897,2.8799181581288586E-4
898,3.815702448732151E-4
899,3.0025923134087017E-4
900,3.563371861904336E-4
901,2.8891173616954404E-4
902,3.7564868257822595E-4
903,2.9635999896603023E-4
904,3.606270095374333E-4
905,2.8961309048097393E-4
906,3.711680122285922E-4
907,2.9325702297358137E-4
908,3.638387526959364E-4
909,2.8982681719334985E-4
910,3.684058842051637E-4
911,2.9100660395101475E-4
912,3.656822936788201E-4
913,2.8945240463587135E-4
914,3.670900964795665E-4
915,2.894053426491584E-4
916,3.663925974500267E-4
917,2.886233594920286E-4
918,3.6661067034964517E-4
919,2.8815046034031235E-4
920,3.6647894621992294E-4
921,2.875708899818735E-4
922,3.6641542626962315E-4
923,2.870135301642872E-4
924,3.6633070495764423E-4
925,2.8645579795262907E-4
926,3.662187381546402E-4
927,2.858946654765686E-4
928,3.6609062951402415E-4
929,2.8533440874763973E-4
930,3.6594079904509315E-4
931,2.84774251969792E-4
932,3.6576666802608487E-4
933,2.8421393195345924E-4
934,3.65567557137895E-4
935,2.8365387199418446E-4
936,3.653412116978766E-4
937,2.830940812653695E-4
938,3.6508532647936196E-4
939,2.8253452866243753E-4
940,3.64797776919351E-4
941,2.819752667188083E-4
942,3.6447615841343664E-4
943,2.8141631589423887E-4
944,3.641178742657369E-4
945,2.808576826867798E-4
946,3.637202145104945E-4
947,2.802993915978413E-4
948,3.6328029049266275E-4
949,2.7974147836719776E-4
950,3.627950108218401E-4
951,2.791839888173467E-4
952,3.622610794066754E-4
953,2.786269843658972E-4
954,3.616749676202603E-4
955,2.780705425778622E-4
956,3.610328756806001E-4
957,2.775147550683477E-4
958,3.6033068855315396E-4
959,2.769597253335251E-4
960,3.5956391717716774E-4
961,2.764055656459749E-4
962,3.58727616420831E-4
963,2.758523930868508E-4
964,3.5781627489945623E-4
965,2.753003255857134E-4
966,3.568236675199324E-4
967,2.7474948000538084E-4
968,3.5574265412414193E-4
969,2.7419997455872065E-4
970,3.5456490342638137E-4
971,2.7365193995185054E-4
972,3.5328051187509063E-4
973,2.7310554690902826E-4
974,3.5187747133421336E-4
975,2.7256106340245846E-4
976,3.5034091536071955E-4
977,2.7201896564864775E-4
978,3.486520349664291E-4
979,2.71480147907982E-4
980,3.4678649078902674E-4
981,2.7094631872087623E-4
982,3.4471204273858844E-4
983,2.704207614263965E-4
984,3.4238494502753983E-4
985,2.6990983726375137E-4
986,3.3974438441123234E-4
987,2.694260786232813E-4
988,3.3670388641853085E-4
989,2.689948839293614E-4
990,3.33138480479608E-4
991,2.686698963481646E-4
992,3.2886821776925614E-4
993,2.6857075770922277E-4
994,3.236504747422944E-4
995,2.6898213298202624E-4
996,3.1725013548196537E-4
997,2.7062423755347306E-4
998,3.098788195995335E-4
999,2.75332238720389E-4
1000,3.0375467738101363E-4
1001,2.8668736200741383E-4
1002,3.043042815543493E-4
1003,3.02919429839424E-4
1004,3.05949484200712E-4
1005,3.020795449551238E-4
1006,2.942131883101775E-4
1007,2.941336716067064E-4
1008,2.8650265052829676E-4
1009,2.8380597751123606E-4
1010,2.8028050589585374E-4
1011,2.75038787441148E-4
1012,2.75033249957E-4
1013,2.6855351029776784E-4
1014,2.7039247683901586E-4
1015,2.6311767938632166E-4
1016,2.662215966539029E-4
1017,2.584138304216963E-4
1018,2.6243000606041597E-4
1019,2.5424406546155186E-4
1020,2.589708580522948E-4
1021,2.5051946792414707E-4
1022,2.558130026119663E-4
1023,2.4717613301534434E-4
1024,2.529357035006835E-4
1025,2.44175791229537E-4
1026,2.503235732400296E-4
1027,2.4148877939215868E-4
1028,2.4796385398567723E-4
1029,2.390921066359969E-4
1030,2.458443341610665E-4
1031,2.369645463695609E-4
1032,2.4395177395250883E-4
1033,2.350850047734736E-4
1034,2.4227095395444484E-4
1035,2.3343105799710916E-4
1036,2.4078431918490267E-4
1037,2.319787261728347E-4
1038,2.394722499196029E-4
1039,2.307028358087783E-4
1040,2.3831380413538207E-4
1041,2.2957791549590647E-4
1042,2.372877222363368E-4
1043,2.2857924877656526E-4
1044,2.3637344751824507E-4
1045,2.2768385152943996E-4
1046,2.3555197174788186E-4
1047,2.2687118515032074E-4
1048,2.348064008082332E-4
1049,2.2612354556340397E-4
1050,2.3412222495473907E-4
1051,2.2542614814842875E-4
1052,2.3348733912839016E-4
1053,2.247669822470524E-4
1054,2.3289188665154566E-4
1055,2.2413652096986005E-4
1056,2.3232800046662938E-4
1057,2.2352736287410723E-4
1058,2.3178950226487985E-4
1059,2.2293386170795619E-4
1060,2.312716013544826E-4
1061,2.2235177977194908E-4
1062,2.307706181576509E-4
1063,2.2177798336464312E-4
1064,2.3028374430732868E-4
1065,2.2121018694392129E-4
1066,2.2980884270413398E-4
1067,2.2064674526729624E-4
1068,2.2934428581944673E-4
1069,2.2008648888810646E-4
1070,2.2888882797909664E-4
1071,2.195285967275822E-4
1072,2.2844150641115473E-4
1073,2.1897249917417853E-4
1074,2.2800156582942574E-4
1075,2.1841780561225805E-4
1076,2.2756840178994405E-4
1077,2.178642510726703E-4
1078,2.2714151871624496E-4
1079,2.173116575589547E-4
1080,2.267204991946945E-4
1081,2.1675990646703855E-4
1082,2.263049817976195E-4
1083,2.1620891924719365E-4
1084,2.2589464527024146E-4
1085,2.156586441094856E-4
1086,2.2548919739991206E-4
1087,2.1510904708589712E-4
1088,2.2508836726864111E-4
1089,2.1456010613639148E-4
1090,2.2469190002191502E-4
1091,2.140118076263406E-4
1092,2.2429955318548127E-4
1093,2.1346414377348865E-4
1094,2.2391109431470687E-4
1095,2.1291711175708714E-4
1096,2.2352629943282295E-4
1097,2.1237071286131894E-4
1098,2.2314495195074148E-4
1099,2.1182495241543373E-4
1100,2.2276684198311894E-4
1101,2.1127983971464293E-4
1102,2.2239176585576328E-4
1103,2.1073538823807562E-4
1104,2.220195257634407E-4
1105,2.10191615810356E-4
1106,2.2164992948838682E-4
1107,2.096485448646886E-4
1108,2.2128279016643123E-4
1109,2.0910620264005922E-4
1110,2.2091792605850606E-4
1111,2.0856462140494416E-4
1112,2.2055516032864122E-4
1113,2.0802383862407586E-4
1114,2.2019432080909018E-4
1115,2.07483897129102E-4
1116,2.1983523975715742E-4
1117,2.069448452449635E-4
1118,2.1947775359366852E-4
1119,2.0640673691425926E-4
1120,2.191217026282499E-4
1121,2.0586963179501316E-4
1122,2.1876693076547935E-4
1123,2.0533359535392998E-4
1124,2.1841328519458744E-4
1125,2.047986989466093E-4
1126,2.1806061606008165E-4
1127,2.0426501989919394E-4
1128,2.1770877611276878E-4
1129,2.037326415821962E-4
1130,2.17357620339743E-4
1131,2.0320165349598185E-4
1132,2.1700700557356596E-4
1133,2.02672151355521E-4
1134,2.1665679007534252E-4
1135,2.0214423719087745E-4
1136,2.1630683309443777E-4
1137,2.0161801945953688E-4
1138,2.1595699439821308E-4
1139,2.010936131803823E-4
1140,2.156071337732638E-4
1141,2.0057114008783817E-4
1142,2.1525711049279032E-4
1143,2.0005072882056752E-4
1144,2.1490678274910274E-4
1145,1.995325151365447E-4
1146,2.145560070453242E-4
1147,1.9901664217885452E-4
1148,2.142046375471932E-4
1149,1.985032607783574E-4
1150,2.13852525385771E-4
1151,1.9799252982359846E-4
1152,2.134995179124914E-4
1153,1.97484616682568E-4
1154,2.1314545789481235E-4
1155,1.9697969771240674E-4
1156,2.1279018265615949E-4
1157,1.9647795883895157E-4
1158,2.1243352314374256E-4
1159,1.9597959625491907E-4
1160,2.1207530293171575E-4
1161,1.9548481720571556E-4
1162,2.117153371344917E-4
1163,1.9499384093720225E-4
1164,2.1135343124786403E-4
1165,1.945068997563386E-4
1166,2.1098937987905263E-4
1167,1.9402424030703645E-4
1168,2.106229653955958E-4
1169,1.9354612499807199E-4
1170,2.1025395643801704E-4
1171,1.93072833700858E-4
1172,2.0988210635070417E-4
1173,1.9260466568914592E-4
1174,2.0950715143677807E-4
1175,1.9214194188159022E-4
1176,2.0912880914063077E-4
1177,1.9168500747540582E-4
1178,2.0874677604570656E-4
1179,1.912342348957538E-4
1180,2.083607257173381E-4
1181,1.9079002739409536E-4
1182,2.0797030651820682E-4
1183,1.9035282293358138E-4
1184,2.075751390889798E-4
1185,1.8992309909160863E-4
1186,2.0717481401752975E-4
1187,1.8950137817250388E-4
1188,2.0676888896313574E-4
1189,1.890882339807825E-4
1190,2.063568864671776E-4
1191,1.8868429840643484E-4
1192,2.0593829061850668E-4
1193,1.8829027105005767E-4
1194,2.0551254582043264E-4
1195,1.8790692723552125E-4
1196,2.0507905243219391E-4
1197,1.8753513247981278E-4
1198,2.0463716895159165E-4
1199,1.8717585060413946E-4
1200,2.0418620376696104E-4
1201,1.8683016799030992E-4
1202,2.037254293141232E-4
1203,1.864992956747427E-4
1204,2.0325405584212827E-4
1205,1.8618461761315256E-4
1206,2.0277129296642586E-4
1207,1.8588766516654799E-4
1208,2.022762337946634E-4
1209,1.856102272606212E-4
1210,2.0176813573459951E-4
1211,1.853542556913009E-4
1212,2.0124582574086052E-4
1213,1.851220138266698E-4
1214,2.0070913793994834E-4
1215,1.8491638281358062E-4
1216,2.001556197935014E-4
1217,1.8473845696497415E-4
1218,1.9958837558380706E-4
1219,1.8460018196248093E-4
1220,1.9899881300949665E-4
1221,1.8446770633298283E-4
1222,1.9840220647046638E-4
1223,1.8451537576901652E-4
1224,1.9783888148675025E-4
1225,1.840705303048542E-4
1226,1.9755464361121913E-4
1227,1.8722515938543005E-4
1228,2.0557232057013896E-4
1229,2.0162891756470513E-4
1230,2.5254371868498266E-4
1231,2.0123137858656733E-4
1232,2.1885569238913152E-4
1233,2.1787625625366294E-4
1234,2.660618551156843E-4
1235,2.035807879985703E-4
1236,2.1800096453342995E-4
1237,2.1195866263102993E-4
1238,2.5514826168365144E-4
1239,1.986202355035601E-4
1240,2.2327203557436702E-4
1241,2.2442439630049983E-4
1242,2.2536822922407146E-4
1243,1.99230341178361E-4
1244,2.2912621211165868E-4
1245,2.0159333430002084E-4
1246,1.82936932477306E-4
1247,1.9683627093997964E-4
1248,2.447596770360516E-4
1249,7.220914266840108E-4
1250,4.523727177100617E-4
1251,2.588614695049508E-4
1252,1.8395153222981048E-4
1253,2.3595740434167328E-4
1254,2.3709582449986548E-4
1255,4.508530818365167E-4
1256,2.544654835399455E-4
1257,5.27718295957119E-4
1258,2.6416819900188605E-4
1259,2.316805576743192E-4
1260,3.3441235882492097E-4
1261,2.399265328221154E-4
1262,3.8105519658298724E-4
1263,2.7798414626288163E-4
1264,2.5731043269609034E-4
1265,2.137337270360305E-4
1266,3.4710636048418343E-4
1267,2.499259384939788E-4
1268,3.483329835480317E-4
1269,2.3179928114004116E-4
1270,3.936773034284958E-4
1271,3.1298544962683826E-4
1272,7.182977137038764E-4
1273,4.691091432276363E-4
1274,6.216139701735512E-4
1275,6.354599709359384E-4
1276,3.844116483222266E-4
1277,7.585088085181456E-4
1278,7.42602066981278E-4
1279,3.308017319363709E-4
1280,5.219695769134725E-4
1281,6.295741803299282E-4
1282,3.0758389469395965E-4
1283,6.379264897203024E-4
1284,4.528687386901161E-4
1285,8.598136881529932E-4
1286,4.0219824227167005E-4
1287,3.6744301146263885E-4
1288,4.676280277883086E-4
1289,7.535852689517746E-4
1290,3.968969914561933E-4
1291,3.577337130849978E-4
1292,6.048959535774926E-4
1293,8.110144270549524E-4
1294,4.944427106366228E-4
1295,5.733491531640976E-4
1296,6.863114423956712E-4
1297,4.2213740323466186E-4
1298,3.944888338697214E-4
1299,5.184930375565885E-4
1300,6.069493032263385E-4
1301,5.348184387114639E-4
1302,3.778574863997015E-4
1303,3.8345438951403434E-4
1304,6.013879280058114E-4
1305,4.538477196362181E-4
1306,5.542209551392263E-4
1307,4.657620162013951E-4
1308,4.1696663700673616E-4
1309,4.6132329022038914E-4
1310,3.736230921956018E-4
1311,3.6948502513610464E-4
1312,5.108346397097176E-4
1313,4.2039174743892856E-4
1314,5.27682399544397E-4
1315,4.109438056387004E-4
1316,4.4276639666387594E-4
1317,4.924025937877882E-4
1318,5.353832045658659E-4
1319,4.4408569629550036E-4
1320,5.383220970658261E-4
1321,4.7596996626643234E-4
1322,5.496823832675887E-4
1323,4.3184244322843485E-4
1324,5.090279176893727E-4
1325,4.780489059878389E-4
1326,5.63422152462589E-4
1327,4.05928840372911E-4
1328,4.135808626184966E-4
1329,5.042565736604256E-4
1330,5.155451186773563E-4
1331,5.708370126575734E-4
1332,4.0097105966723943E-4
1333,4.1524012962723374E-4
1334,4.124419871297029E-4
1335,2.862758844836655E-4
1336,4.2414106607359956E-4
1337,4.8099880196893083E-4
1338,2.7801792844268155E-4
1339,3.993295005788791E-4
1340,4.03239905814767E-4
1341,4.0823451203569737E-4
1342,5.253359028336244E-4
1343,3.02186455595582E-4
1344,3.898850761190549E-4
1345,3.7103017195249175E-4
1346,3.9143637630213685E-4
1347,3.545242187542421E-4
1348,4.0661734637862604E-4
1349,3.930374832717544E-4
1350,2.509123589314454E-4
1351,4.0121851954319217E-4
1352,5.315011396333908E-4
1353,2.7132954973626704E-4
1354,3.8625486012100853E-4
1355,3.792568555732412E-4
1356,3.7580589924309356E-4
1357,5.239616389185291E-4
1358,2.70879658182238E-4
1359,3.876790996661324E-4
1360,4.070904762361409E-4
1361,2.6001522660032254E-4
1362,3.906434521694615E-4
1363,4.982054163676852E-4
1364,2.593937983499333E-4
1365,3.8682011119798855E-4
1366,4.4142127551075516E-4
1367,2.567572153086248E-4
1368,3.8644073740674807E-4
1369,4.2745065215890344E-4
1370,2.5296290031880055E-4
1371,3.852308265063851E-4
1372,4.519128835937483E-4
1373,2.5349983160260944E-4
1374,3.8264960084044846E-4
1375,3.9660830221792956E-4
1376,2.469872710849246E-4
1377,3.812361133972856E-4
1378,4.5393501961594736E-4
1379,2.5344055899871425E-4
1380,3.7895548678946995E-4
1381,3.8630170655064815E-4
1382,2.4337431131704704E-4
1383,3.7737548043844353E-4
1384,4.653708681740022E-4
1385,2.5656779395901564E-4
1386,3.753919498076129E-4
1387,3.9045801366800596E-4
1388,2.422401655345158E-4
1389,3.734650396130933E-4
1390,4.557184356273603E-4
1391,2.542347324568688E-4
1392,3.717493848258058E-4
1393,4.0247393028259573E-4
1394,2.4247989926193107E-4
1395,3.6973708896958547E-4
1396,4.4163784679853845E-4
1397,2.4984235119590093E-4
1398,3.681429198359248E-4
1399,4.186357032446352E-4
1400,2.4396745789223668E-4
1401,3.664359196960591E-4
1402,4.3254009891897444E-4
1403,2.462032604651977E-4
1404,3.650555319481615E-4
1405,4.3265703261318643E-4
1406,2.452338870415419E-4
1407,3.637961576009581E-4
1408,4.349412197712666E-4
1409,2.4478366048103997E-4
1410,3.6265447298563125E-4
1411,4.388750444538679E-4
1412,2.4453083717008696E-4
1413,3.6164016255193674E-4
1414,4.412884188832674E-4
1415,2.439065273965522E-4
1416,3.6071531621324494E-4
1417,4.439386348093227E-4
1418,2.4329353612899147E-4
1419,3.5988410332286067E-4
1420,4.4657918645443464E-4
1421,2.4262180320974955E-4
1422,3.591473937716658E-4
1423,4.4891280639979903E-4
1424,2.4185672337604972E-4
1425,3.5850602614649217E-4
1426,4.51077132247201E-4
1427,2.4102498944874288E-4
1428,3.5796728869826576E-4
1429,4.530598982387508E-4
1430,2.4011874642177809E-4
1431,3.575408616438154E-4
1432,4.549063747017364E-4
1433,2.3913180374061772E-4
1434,3.5723766415464214E-4
1435,4.5672873666240165E-4
1436,2.3805395303921252E-4
1437,3.570682362366875E-4
1438,4.586740175752012E-4
1439,2.368693069423791E-4
1440,3.5704060126393706E-4
1441,4.609222966028819E-4
1442,2.355659267202599E-4
1443,3.571578079379121E-4
1444,4.6366075581317085E-4
1445,2.3415608593573144E-4
1446,3.574162546898824E-4
1447,4.669930559658857E-4
1448,2.3271609141739042E-4
1449,3.578028568438486E-4
1450,4.7063886416280826E-4
1451,2.314544069709169E-4
1452,3.5828703383494325E-4
1453,4.724342875997995E-4
1454,2.3077597429276223E-4
1455,3.588049355983841E-4
1456,4.618077459475131E-4
1457,2.311102908330347E-4
1458,3.592251203679798E-4
1459,4.1531754877586243E-4
1460,2.344909676304475E-4
1461,3.5704372529335584E-4
1462,3.697444362760478E-4
1463,2.7538217108996046E-4
1464,3.824950993352503E-4
1465,2.6081988437123865E-4
1466,4.2884866677157855E-4
1467,2.3761016893434717E-4
1468,3.9493090887919027E-4
1469,2.7465527736196435E-4
1470,3.8018402214333376E-4
1471,2.68130832972848E-4
1472,4.699661072488972E-4
1473,2.3190151907536447E-4
1474,4.282792214488743E-4
1475,2.51763782948847E-4
1476,4.684974736221784E-4
1477,2.3663314278595088E-4
1478,4.5722521517952384E-4
1479,2.4140762189613424E-4
1480,4.6349534122902677E-4
1481,2.4001589417715067E-4
1482,4.596257897726008E-4
1483,2.4184487963496555E-4
1484,4.5987278809128565E-4
1485,2.4221336653551518E-4
1486,4.5729719005217355E-4
1487,2.4400939826818736E-4
1488,4.570894063537927E-4
1489,2.4475229715548147E-4
1490,4.541380686171674E-4
1491,2.47257336887036E-4
1492,4.5439393496861076E-4
1493,2.47586093967623E-4
1494,4.4957135303937053E-4
1495,2.521722653717214E-4
1496,4.52315692153164E-4
1497,2.4947209992034087E-4
1498,4.4096063374497426E-4
1499,2.631895371438201E-4
1500,4.486405305933402E-4
1501,2.4732678834833645E-4
1502,4.2056649032227067E-4
1503,3.1333834370424375E-4
1504,3.618153415025715E-4
1505,3.5381920417717897E-4
1506,4.094684424356963E-4
1507,3.322331385457182E-4
1508,3.6963011433305336E-4
1509,3.7318836113589543E-4
1510,4.10368077221876E-4
1511,3.699065556967028E-4
1512,4.134469652099078E-4
1513,3.5505112428233117E-4
1514,3.987575145334109E-4
1515,3.652712407521927E-4
1516,3.9910271424702E-4
1517,3.65022801595157E-4
1518,3.949915829107209E-4
1519,3.6855645191563233E-4
1520,3.87688919271773E-4
1521,3.737716562710021E-4
1522,3.822784121826413E-4
1523,3.832579404970834E-4
1524,3.8239422786124765E-4
1525,3.948447247001629E-4
1526,3.880533838275543E-4
1527,3.8049792870616035E-4
1528,3.7515371133105843E-4
1529,3.773193886049365E-4
1530,3.8528551095502717E-4
1531,3.8968109615298733E-4
1532,3.8426277860264103E-4
1533,3.7785643901168273E-4
1534,3.765029940109613E-4
1535,3.824065141881319E-4
1536,3.891385983386324E-4
1537,3.8804078301662195E-4
1538,3.8124572528554717E-4
1539,3.7930887571096546E-4
1540,3.8128279054139026E-4
1541,3.881561232992561E-4
1542,3.8785864336162844E-4
1543,3.8590406571474523E-4
1544,3.8257675735270977E-4
1545,3.85303135481514E-4
1546,3.8614503200006656E-4
1547,3.888882677999211E-4
1548,3.865662906668959E-4
1549,3.88052000305905E-4
1550,3.8763625307213195E-4
1551,3.8967323694750664E-4
1552,3.8950428941428745E-4
1553,3.910231852320542E-4
1554,3.9188022242801036E-4
1555,3.9371574998048895E-4
1556,3.9601302533107965E-4
1557,3.996296602291706E-4
1558,4.0519357434540536E-4
1559,4.1293440697003005E-4
1560,4.199590027281246E-4
1561,4.1774811192940554E-4
1562,4.084203821296194E-4
1563,4.0283529633745017E-4
1564,3.9896813897085824E-4
1565,3.9557808532697547E-4
1566,3.9229767066769293E-4
1567,3.8898615532581245E-4
1568,3.856294251757167E-4
1569,3.8222913398400183E-4
1570,3.7881291806240406E-4
1571,3.7542393049603575E-4
1572,3.7211099099242466E-4
1573,3.68919027736174E-4
1574,3.6586977136910927E-4
1575,3.629561673459178E-4
1576,3.601461596255339E-4
1577,3.573996608221341E-4
1578,3.54685358703121E-4
1579,3.519886796061208E-4
1580,3.493094773501613E-4
1581,3.466554283532227E-4
1582,3.4403581522519916E-4
1583,3.4145801074006037E-4
1584,3.389264012347345E-4
1585,3.3644287905280895E-4
1586,3.3400785051407913E-4
1587,3.316211448171631E-4
1588,3.2928254623028775E-4
1589,3.269919865955068E-4
1590,3.247495270569134E-4
1591,3.2255526619176457E-4
1592,3.2040925994287816E-4
1593,3.183114337632324E-4
1594,3.162616121450221E-4
1595,3.142594843783378E-4
1596,3.1230462428223833E-4
1597,3.103964996823662E-4
1598,3.085344871344273E-4
1599,3.067178822170128E-4
1600,3.0494591010777185E-4
1601,3.032177343910268E-4
1602,3.0153246563953303E-4
1603,2.9988916926607974E-4
1604,2.982868730271266E-4
1605,2.9672457400324804E-4
1606,2.9520124512856895E-4
1607,2.9371584120801747E-4
1608,2.9226730444201925E-4
1609,2.90854569449897E-4
1610,2.8947656781013706E-4
1611,2.88132214161465E-4
1612,2.8682048450101425E-4
1613,2.8554029776546125E-4
1614,2.842906157255273E-4
1615,2.830704067934575E-4
1616,2.818786559462728E-4
1617,2.8071436394298794E-4
1618,2.7957655060896415E-4
1619,2.78464255357439E-4
1620,2.7737653860834187E-4
1621,2.763124824050348E-4
1622,2.752711911371683E-4
1623,2.742517919551727E-4
1624,2.732534351131633E-4
1625,2.722752941490134E-4
1626,2.7131656597182525E-4
1627,2.703764708434062E-4
1628,2.694542522818407E-4
1629,2.685491768912839E-4
1630,2.676605341336688E-4
1631,2.6678763604861275E-4
1632,2.659298169326544E-4
1633,2.650864329846496E-4
1634,2.6425686192334225E-4
1635,2.634405025843244E-4
1636,2.6263677450097134E-4
1637,2.618451174734014E-4
1638,2.6106499112945475E-4
1639,2.6029587448119954E-4
1640,2.595372654789162E-4
1641,2.5878867988036997E-4
1642,2.5804965342373043E-4
1643,2.5731973767050584E-4
1644,2.5659850185613957E-4
1645,2.5588553197668034E-4
1646,2.551804304334252E-4
1647,2.544828153509253E-4
1648,2.5379232039258136E-4
1649,2.531085942552273E-4
1650,2.524313003165821E-4
1651,2.5176011618487646E-4
1652,2.5109473330373793E-4
1653,2.5043485655608226E-4
1654,2.49780203866001E-4
1655,2.4913050580344933E-4
1656,2.484855051872334E-4
1657,2.478449566891054E-4
1658,2.472086264352785E-4
1659,2.465762916068142E-4
1660,2.4594774003655845E-4
1661,2.453227698029515E-4
1662,2.4470118881960096E-4
1663,2.440828144202547E-4
1664,2.434674729385659E-4
1665,2.428549986399162E-4
1666,2.422452359970996E-4
1667,2.416380350075487E-4
1668,2.4103325360882072E-4
1669,2.4043075669507772E-4
1670,2.3983041541268595E-4
1671,2.3923210686683166E-4
1672,2.3863571353291194E-4
1673,2.380411228679661E-4
1674,2.3744822676618604E-4
1675,2.3685692111801124E-4
1676,2.3626710528379464E-4
1677,2.356786816206698E-4
1678,2.350915549615972E-4
1679,2.3450563212139557E-4
1680,2.3392082137431355E-4
1681,2.3333703194565404E-4
1682,2.3275417348519832E-4
1683,2.3217215554643597E-4
1684,2.315908870543279E-4
1685,2.3101027577398435E-4
1686,2.304302277703166E-4
1687,2.2985064686522678E-4
1688,2.2927143408763362E-4
1689,2.286924871173072E-4
1690,2.2811369972065626E-4
1691,2.2753496117868357E-4
1692,2.2695615570368343E-4
1693,2.263771618452454E-4
1694,2.257978518817608E-4
1695,2.252180911969417E-4
1696,2.2463773763821594E-4
1697,2.2405664085328554E-4
1698,2.2347464160432518E-4
1699,2.2289157105298524E-4
1700,2.223072500162249E-4
1701,2.217214881848847E-4
1702,2.2113408330332233E-4
1703,2.2054482030314264E-4
1704,2.1995347038596537E-4
1705,2.19359790016332E-4
1706,2.187635199851073E-4
1707,2.1816438420486402E-4
1708,2.1756208848866095E-4
1709,2.1695631936381442E-4
1710,2.1634674261257925E-4
1711,2.1573300180912234E-4
1712,2.1511471667462888E-4
1713,2.144914813153356E-4
1714,2.138628622928215E-4
1715,2.1322839651618248E-4
1716,2.125875889400758E-4
1717,2.1193991003295168E-4
1718,2.1128479300169914E-4
1719,2.1062163072918915E-4
1720,2.0994977240152554E-4
1721,2.0926851977314857E-4
1722,2.0857712303025414E-4
1723,2.0787477623074711E-4
1724,2.0716061214151151E-4
1725,2.064336966022582E-4
1726,2.0569302215745606E-4
1727,2.0493750091209317E-4
1728,2.041659565930469E-4
1729,2.0337711549220494E-4
1730,2.025695963896933E-4
1731,2.0174189899844794E-4
1732,2.0089239099308121E-4
1733,2.0001929310083167E-4
1734,1.991206621821901E-4
1735,1.9819437172027815E-4
1736,1.9723808942985932E-4
1737,1.9624925129690436E-4
1738,1.9522503144389676E-4
1739,1.941623069500989E-4
1740,1.9305761644366402E-4
1741,1.9190711132525796E-4
1742,1.9070649767063134E-4
1743,1.894509666783055E-4
1744,1.8813511081666926E-4
1745,1.8675282163592734E-4
1746,1.8529716443649148E-4
1747,1.837602225149054E-4
1748,1.821329018884741E-4
1749,1.8040468290857797E-4
1750,1.7856330040808634E-4
1751,1.7659432493842195E-4
1752,1.744806057516498E-4
1753,1.7220151602181341E-4
1754,1.697319081971291E-4
1755,1.670406368077788E-4
1756,1.6408841935650173E-4
1757,1.608246579565056E-4
1758,1.571825931314761E-4
1759,1.53071725421832E-4
1760,1.4836570857213683E-4
1761,1.4288280540233485E-4
1762,1.3635485528456874E-4
1763,1.2838223688892E-4
1764,1.1838896154293511E-4
1765,1.056674876703304E-4
1766,8.982544507005429E-5
