0.75,0.428571429,0,0,1,0,0,0,0,0,0,0,0,0,0,0,0,0,1,0,0,0.870967742,0.086492074,0.101325202,0.090909091,0.192926045,0.423529412,0.7,0,0
0.75,0.285714286,0,0,0,0,0,0,0,0,0,1,0,0,0,1,0,0,0,0,0,0.927741935,0.118194349,0.775419256,0.11942959,0.508038585,0.211764706,0.055555556,0,0
0.75,0.285714286,0,0,0,0,0,0,0,0,0,1,0,0,0,0,0,0,0,1,0,0.927741935,0.146795314,0.796294125,0.11942959,0.398713826,0.211764706,0.1,0,0
0.875,0.571428571,0,0,1,0,0,0,0,0,0,0,0,0,0,0,0,0,1,0,0,0.941935484,0.11095796,0.08162308,0.160427807,0.196141479,0.964705882,0.4,0.03125,0
0.875,0.571428571,0,0,1,0,0,0,0,0,0,0,0,0,0,0,0,0,0,0,1,0.910967742,0.172984149,0.110589891,0.171122995,0.295819936,0.988235294,0.155555556,0,0
0.875,0.571428571,0,0,0,0,0,0,0,1,0,0,0,0,0,0,0,0,0,0,1,0.949677419,0.290144728,0.563035065,0.262032086,0.643086817,0.164705882,0.555555556,0,0
0.875,0.571428571,0,0,0,0,0,0,0,1,0,0,0,0,1,0,0,0,0,0,0,0.949677419,0.302549966,0.57194793,0.151515152,0.704180064,0.141176471,0.3,0,0
0.875,0.571428571,0,0,0,0,0,0,0,1,0,0,0,0,1,0,0,0,0,0,0,0.939354839,0.49724328,0.703999062,0.190730838,0.186495177,0.835294118,0.2,0,0
0.875,0.571428571,0,0,0,0,0,0,0,0,1,0,0,0,0,1,0,0,0,0,0,0.932903226,0.44245348,0.802978773,0.124777184,0.350482315,0.564705882,0.555555556,0,0
0.75,0.428571429,0,0,0,0,0,0,0,0,1,0,0,0,0,0,0,0,0,1,0,0.952258065,0.299448656,0.810015246,0.126559715,0.662379421,0.294117647,0.4,0,0
0.75,0.428571429,0,0,0,0,0,0,0,0,1,0,0,0,0,0,0,0,0,1,0,0.952258065,0.299448656,0.810015246,0.126559715,0.501607717,0.423529412,0.755555556,0,0
0.75,0.428571429,0,0,0,0,0,0,0,0,1,0,0,0,0,0,0,0,0,1,0,0.956129032,0.248449345,0.826902779,0.40285205,0.549839228,0.270588235,0.4,0,0
0.625,0.428571429,0,0,0,0,0,0,0,1,0,0,0,0,0,0,0,0,1,0,0,0.578064516,0.240179187,0.770962824,0.01426025,0.475884244,0.670588235,0.7,0,0
0.625,0.428571429,0,0,0,0,0,0,0,0,1,0,0,0,1,0,0,0,0,0,0,0.931612903,0.432115782,0.795825026,0.124777184,0.61414791,0.317647059,0.2,0,0
0.625,0.428571429,0,0,0,0,0,0,0,0,1,0,0,0,0,0,1,0,0,0,0,0.957419355,0.455547898,0.811187991,0.16399287,0.778135048,0.070588235,0.455555556,0,0
0.625,0.428571429,0,0,0,0,0,0,0,0,1,0,0,0,0,0,0,0,1,0,0,0.962580645,0.482770503,0.82795825,0.247771836,0.665594855,0.341176471,0.555555556,0,0
0.5,0.428571429,0,0,1,0,0,0,0,0,0,0,0,0,0,0,0,0,0,1,0,0.941935484,0.119572708,0.085493139,0.139037433,0.414790997,0.141176471,0.555555556,0,0
0.875,0.428571429,0,0,0,0,0,0,0,0,0,1,0,0,1,0,0,0,0,0,0,0.854193548,0.10923501,0.769672804,0.053475936,0.466237942,0.376470588,0.5,0,0
0.625,0.285714286,0,0,1,0,0,0,0,0,0,0,0,0,0,0,1,0,0,0,0,0.909677419,0.092350103,0.073765685,0.112299465,0.440514469,0.235294118,0.4,0,0
0.625,0.285714286,0,0,0,1,0,0,0,0,0,0,0,0,0,0,0,0,0,1,0,0.872258065,0.090627154,0.104608889,0.090909091,0.22829582,0.341176471,0.455555556,0,0
0.625,0.285714286,0,0,0,0,0,0,0,0,1,0,0,0,0,1,0,0,0,0,0,0.932903226,0.44245348,0.802978773,0.124777184,0.517684887,0.294117647,0.255555556,0,0
0.5,0.285714286,0,0,0,0,0,0,0,0,1,0,0,0,1,0,0,0,0,0,0,0.943225806,0.266712612,0.840154802,0.16399287,0.54340836,0.270588235,0.255555556,0,0
0.75,0.285714286,0,0,0,0,0,1,0,0,0,0,0,0,0,0,0,0,0,0,1,0.975483871,0.328049621,0.225284391,1,0.604501608,0.341176471,0.455555556,0,0
0.75,0.285714286,0,0,0,0,0,0,0,1,0,0,0,0,0,0,0,0,0,1,0,0.922580645,0.378359752,0.620968688,0.110516934,0.556270096,0.329411765,0.6,0,0
0.75,0.285714286,0,0,0,0,0,0,0,1,0,0,0,0,0,0,0,0,0,1,0,0.96516129,0.476567884,0.687580626,0.361853832,0.691318328,0.2,0.6,0,0
0.75,0.285714286,0,0,0,0,0,0,0,1,0,0,0,0,0,0,0,0,0,0,1,0.938064516,0.486905582,0.696024393,0.188948307,0.453376206,0.529411765,0.555555556,0,0
0.75,0.285714286,0,0,0,0,0,0,0,0,1,0,0,0,0,0,0,0,1,0,0,0.950967742,0.402481048,0.774129237,0.217468806,0.540192926,0.223529412,0.6,0,0
0.75,0.285714286,0,0,0,0,0,0,0,0,1,0,0,0,1,0,0,0,0,0,0,0.931612903,0.432115782,0.795825026,0.124777184,0.553054662,0.388235294,0.1,0,0
0.625,0.142857143,0,0,0,0,0,0,0,0,1,0,0,0,0,0,0,0,0,1,0,0.963870968,0.49724328,0.836753841,0.144385027,0.900321543,0.105882353,0.255555556,0,0
0.625,0.142857143,0,0,0,0,0,0,0,0,1,0,0,0,0,0,0,0,0,0,1,0.96516129,0.510682288,0.845197608,0.144385027,0.662379421,0.282352941,0.355555556,0,0
0.625,0.142857143,0,0,0,0,0,0,0,0,1,0,0,0,0,0,0,0,1,0,0,0.975483871,0.289455548,0.80262695,0.28342246,0.745980707,0.105882353,0.355555556,0,0
0.625,0.142857143,0,0,0,0,0,0,0,0,1,0,0,0,1,0,0,0,0,0,0,0.901935484,0.312543074,0.823267269,0.126559715,0.289389068,0.741176471,0.8,0,0
0.625,0.142857143,0,0,0,0,0,0,0,0,1,0,0,0,0,0,0,0,1,0,0,0.901935484,0.236388697,0.819631758,0.103386809,0.591639871,0.258823529,0.155555556,0,0
0.625,0.142857143,0,0,0,0,0,0,0,0,1,0,0,0,0,0,0,0,0,0,1,0.941935484,0.256719504,0.83311833,0.139037433,0.498392283,0.282352941,0.355555556,0,0
0.625,0.142857143,0,0,0,0,0,0,0,0,1,0,0,0,1,0,0,0,0,0,0,0.943225806,0.266712612,0.840154802,0.16399287,0.610932476,0.2,0.255555556,0,0
0.625,0.142857143,0,0,0,0,0,0,0,0,1,0,0,0,0,1,0,0,0,0,0,0.923870968,0.274293591,0.847074,0.112299465,0.514469453,0.552941176,0.455555556,0,0
0.625,0.142857143,0,0,0,0,0,0,0,0,0,1,0,0,0,1,0,0,0,0,0,0.927741935,0.118194349,0.775419256,0.11942959,0.627009646,0.105882353,0.455555556,0,0
0.75,0.285714286,0,0,0,0,0,0,0,0,0,1,0,0,0,0,0,0,1,0,0,0.92,0.139214335,0.791251319,0.155080214,0.292604502,0.529411765,0.555555556,0,0
0.75,0.142857143,0,0,0,0,0,0,0,0,0,1,0,0,0,0,0,0,0,1,0,0.927741935,0.146795314,0.796294125,0.11942959,0.501607717,0.141176471,0.4,0,0
0.375,0.285714286,0,0,1,0,0,0,0,0,0,0,0,0,0,1,0,0,0,0,0,0.895483871,0.084769125,0.0700129,0.067736185,0.382636656,0.329411765,0.255555556,0,0
0.375,0.285714286,0,0,0,0,0,0,1,0,0,0,0,0,0,1,0,0,0,0,0,0.784516129,0.205031013,0.420781048,0.026737968,0.678456592,0.258823529,0.3,0,0
0.375,0.285714286,0,0,0,0,0,0,0,1,0,0,0,0,0,0,0,0,0,1,0,0.922580645,0.330117161,0.722762988,0.158645276,0.520900322,0.317647059,0.7,0,0
0.375,0.285714286,0,0,0,0,0,0,0,1,0,0,0,0,0,1,0,0,0,0,0,0.981935484,0.369400414,0.749618858,0.303030303,0.463022508,0.458823529,0.555555556,0,0
0.375,0.285714286,0,0,0,0,0,0,0,0,1,0,0,0,0,0,0,0,0,1,0,0.952258065,0.299448656,0.810015246,0.126559715,0.559485531,0.388235294,0.255555556,0,0
0.375,0.285714286,0,0,0,0,0,0,0,0,1,0,0,0,0,0,1,0,0,0,0,0.921290323,0.281874569,0.8535241,0.110516934,0.344051447,0.694117647,0.5,0,0
0.5,0.571428571,0,0,0,0,0,0,0,0,1,0,0,0,0,0,1,0,0,0,0,0.975483871,0.289455548,0.80262695,0.28342246,0.762057878,0.105882353,0.4,0,0
0.5,0.571428571,0,0,0,0,0,0,0,0,1,0,0,0,1,0,0,0,0,0,0,0.931612903,0.432115782,0.795825026,0.124777184,0.40192926,0.647058824,0.355555556,0,0
0.625,0.571428571,0,0,0,0,0,0,1,0,0,0,0,0,1,0,0,0,0,0,0,0.974193548,0.210889042,0.510144248,0.196078431,0.668810289,0.247058824,0.3,0,0
0.375,0.285714286,0,0,1,0,0,0,0,0,0,0,0,0,1,0,0,0,0,0,0,0.883870968,0.078566506,0.066611939,0.073083779,0.308681672,0.235294118,0.155555556,0,0
0.375,0.285714286,0,0,1,0,0,0,0,0,0,0,0,0,1,0,0,0,0,0,0,0.889032258,0.176085458,0.112466284,0.08912656,0.282958199,0.364705882,0.6,0,0
0.375,0.285714286,0,0,0,0,0,0,0,0,1,0,0,0,0,0,0,1,0,0,0,0.957419355,0.468297726,0.81916266,0.16399287,0.59807074,0.023529412,0.1,0,0
0.375,0.142857143,0,0,0,0,0,0,0,1,0,0,0,0,0,0,0,0,0,0,1,0.922580645,0.339421089,0.730972206,0.112299465,0.620578778,0.223529412,0.2,0,0
0.375,0.142857143,0,0,0,0,0,0,0,1,0,0,0,0,0,0,1,0,0,0,0,0.947096774,0.379393522,0.757828076,0.171122995,0.585209003,0.317647059,0.5,0,0
0.375,0.142857143,0,0,0,0,0,0,0,1,0,0,0,0,0,0,1,0,0,0,0,0.947096774,0.379393522,0.757828076,0.171122995,0.585209003,0.317647059,0.5,0,0
0.375,0.142857143,0,0,0,0,0,0,0,1,0,0,0,0,0,0,0,1,0,0,0,0.941935484,0.39007581,0.766271842,0.112299465,0.495176849,0.352941176,0.355555556,0,0
0.375,0.142857143,0,0,0,0,0,0,0,0,1,0,0,0,0,0,0,1,0,0,0,0.957419355,0.468297726,0.81916266,0.16399287,0.819935691,0.105882353,0.2,0,0
0.375,0.142857143,0,0,0,0,0,0,0,0,1,0,0,0,0,1,0,0,0,0,0,0.923870968,0.274293591,0.847074,0.112299465,0.501607717,0.564705882,0.5,0,0
0.375,0.142857143,0,0,0,0,0,0,0,0,0,1,0,0,0,0,0,0,0,0,1,0.953548387,0.156443832,0.802040577,0.156862745,0.372990354,0.411764706,0.255555556,0,0
0.125,0,0,1,0,0,0,0,0,0,0,0,0,0,1,0,0,0,0,0,0,0.842580645,0.028256375,0.030608655,0.037433155,0.376205788,0.294117647,0.555555556,0,0
0.125,0,0,1,0,0,0,0,0,0,0,0,0,0,0,0,0,0,1,0,0,0.876129032,0.041695382,0.041163363,0.094474153,0.324758842,0.423529412,0.055555556,0,0
0.125,0,0,0,1,0,0,0,0,0,0,0,0,0,0,0,0,0,0,0,1,0.910967742,0.172984149,0.110589891,0.171122995,0.29903537,0.282352941,0.6,0,0
0.125,0,0,0,1,0,0,0,0,0,0,0,0,0,0,0,0,0,0,0,1,0.910967742,0.172984149,0.110589891,0.171122995,0.106109325,0.517647059,0.655555556,0,0
0.125,0,0,0,0,0,0,0,0,1,0,0,0,0,0,0,0,1,0,0,0,0.958709677,0.255685734,0.537938314,0.137254902,0.533762058,0.235294118,0.5,0,0
0.125,0,0,0,0,0,0,0,0,1,0,0,0,0,0,0,0,0,0,0,1,0.922580645,0.339421089,0.730972206,0.112299465,0.59807074,0.211764706,0.255555556,0,0
0.125,0,0,0,0,0,0,0,0,1,0,0,0,0,1,0,0,0,0,0,0,0.934193548,0.351826327,0.739885071,0.103386809,0.672025723,0.188235294,0.3,0,0
0.125,0,0,0,0,0,0,0,0,1,0,0,0,0,0,0,0,1,0,0,0,0.941935484,0.39007581,0.766271842,0.112299465,0.52733119,0.341176471,0.455555556,0,0
0.125,0,0,0,0,0,0,0,0,0,1,0,0,0,0,0,0,0,1,0,0,0.950967742,0.402481048,0.774129237,0.217468806,0.668810289,0.258823529,0.455555556,0,0
0.125,0,0,0,0,0,0,0,0,0,1,0,0,0,0,0,0,0,1,0,0,0.950967742,0.402481048,0.774129237,0.217468806,0.559485531,0.211764706,0.555555556,0,0
0.125,0,0,0,0,0,0,0,0,0,1,0,0,0,0,0,0,0,1,0,0,0.950967742,0.402481048,0.774129237,0.217468806,0.559485531,0.211764706,0.655555556,0,0
0.375,0.428571429,0,0,1,0,0,0,0,0,0,0,0,0,0,0,0,0,1,0,0,0.941935484,0.11095796,0.08162308,0.160427807,0.482315113,0.129411765,0.455555556,0,0
0.375,0.428571429,0,0,1,0,0,0,0,0,0,0,0,0,0,0,0,0,1,0,0,0.935483871,0.162646451,0.105429811,0.222816399,0.437299035,0.141176471,0.8,0,0
0.375,0.428571429,0,0,0,0,0,0,0,0,1,0,0,0,0,0,0,0,1,0,0,0.975483871,0.289455548,0.80262695,0.28342246,0.498392283,0.258823529,0.355555556,0,0
0.5,0.285714286,0,0,1,0,0,0,0,0,0,0,0,0,0,0,0,0,1,0,0,0.941935484,0.11095796,0.08162308,0.160427807,0.430868167,0.117647059,0.655555556,0,0
0.5,0.285714286,0,0,0,0,0,0,0,1,0,0,0,0,0,1,0,0,0,0,0,0.904516129,0.503790489,0.711387358,0.160427807,0.485530547,0.329411765,0.455555556,0,0
0.5,0.285714286,0,0,0,0,0,0,0,0,1,0,0,0,0,0,0,0,1,0,0,0.962580645,0.482770503,0.82795825,0.247771836,0.816720257,0.176470588,0.1,0,0
1,1,0,1,0,0,0,0,0,0,0,0,0,0,0,0,0,1,0,0,0,0.84516129,0.019641626,0.021930339,0.137254902,0.144694534,0.752941176,0.3,0,0
1,1,0,1,0,0,0,0,0,0,0,0,0,0,0,0,0,0,1,0,0,0.876129032,0.041695382,0.041163363,0.094474153,0.434083601,0.329411765,0.3,0,0
0,0.142857143,0,0,1,0,0,0,0,0,0,0,0,0,1,0,0,0,0,0,0,0.889032258,0.176085458,0.112466284,0.08912656,0.196141479,0.670588235,0.3,0,0
0,0,0,0,0,0,0,0,0,1,0,0,0,0,0,0,0,0,1,0,0,0.921290323,0.368366644,0.612055823,0.222816399,0.40192926,0.6,0.255555556,0,0
0,0,0,0,0,0,0,0,0,1,0,0,0,0,0,1,0,0,0,0,0,0.932903226,0.413852516,0.649349126,0.124777184,0.623794212,0.047058824,0.7,0,0
0,0,0,0,0,0,0,0,0,1,0,0,0,0,0,0,0,0,0,0,1,0.938064516,0.486905582,0.696024393,0.188948307,0.556270096,0.282352941,0.655555556,0,0
0,0,0,0,0,0,0,0,0,1,0,0,0,0,0,0,0,0,0,0,1,0.922580645,0.339421089,0.730972206,0.112299465,0.504823151,0.341176471,0.2,0,0
0,0,0,0,0,0,0,0,0,1,0,0,0,0,0,1,0,0,0,0,0,0.981935484,0.369400414,0.749618858,0.303030303,0.52733119,0.423529412,0.455555556,0,0
0,0,0,0,0,0,0,0,0,1,0,0,0,0,0,0,1,0,0,0,0,0.947096774,0.379393522,0.757828076,0.171122995,0.463022508,0.376470588,0.055555556,0,0
0,0,0,0,0,0,0,0,0,1,0,0,0,0,0,0,0,1,0,0,0,0.941935484,0.39007581,0.766271842,0.112299465,0.578778135,0.352941176,0.355555556,0,0
0,0,0,0,0,0,0,0,0,0,1,0,0,0,0,0,0,1,0,0,0,0.957419355,0.468297726,0.81916266,0.16399287,0.620578778,0,0.055555556,0,0
0,0,0,0,0,0,0,0,0,0,1,0,0,0,0,0,0,1,0,0,0,0.957419355,0.468297726,0.81916266,0.16399287,0.745980707,0.141176471,0.2,0,0
0,0,0,0,0,0,0,0,0,0,1,0,0,0,0,0,0,1,0,0,0,0.957419355,0.468297726,0.81916266,0.16399287,0.649517685,0.223529412,0.2,0,0
0,0,0,0,0,0,0,0,0,0,1,0,0,0,0,0,0,0,0,0,1,0.96516129,0.510682288,0.845197608,0.144385027,0.742765273,0.247058824,0.355555556,0,0
0.625,0.428571429,0,0,1,0,0,0,0,0,0,0,0,0,0,0,0,0,0,1,0,0.941935484,0.119572708,0.085493139,0.139037433,0.488745981,0.117647059,0.5,0,0
0.625,0.428571429,0,0,0,0,0,0,0,1,0,0,0,0,0,0,0,0,0,1,0,0.922580645,0.330117161,0.722762988,0.158645276,0.40192926,0.517647059,0.6,0,0
0.875,0.571428571,0,0,1,0,0,0,0,0,0,0,0,0,0,0,0,0,1,0,0,0.941935484,0.119572708,0.085493139,0.139037433,0.488745981,0.105882353,0.555555556,0,0
0.875,0.571428571,0,0,0,0,0,0,0,1,0,0,0,0,0,0,0,0,0,0,1,0.949677419,0.290144728,0.563035065,0.262032086,0.59807074,0.2,0.655555556,0,0
0.875,0.571428571,0,0,0,0,0,0,0,1,0,0,0,0,0,0,0,0,0,0,1,0.938064516,0.486905582,0.696024393,0.188948307,0.514469453,0.329411765,0.5,0,0
0.875,0.571428571,0,0,0,0,0,0,0,1,0,0,0,0,1,0,0,0,0,0,0,0.934193548,0.351826327,0.739885071,0.103386809,0.681672026,0.082352941,0.255555556,0,0
0.375,0.285714286,0,0,0,0,0,0,0,0,1,0,0,0,0,0,0,0,0,0,1,0.916129032,0.306340455,0.816817169,0.085561497,0.501607717,0.576470588,0.1,0,0
0.25,0.285714286,0,1,0,0,0,0,0,0,0,0,0,0,0,0,0,0,0,1,0,0.841290323,0.023776706,0.026152222,0.046345811,0.337620579,0.388235294,0.155555556,0,0
0.25,0.285714286,0,0,1,0,0,0,0,0,0,0,0,0,0,0,0,0,0,1,0,0.649032258,0.004479669,0.008912865,0.012477718,0.488745981,0.105882353,0.555555556,0,0
0.25,0.285714286,0,0,0,0,0,0,0,1,0,0,0,0,0,0,0,0,0,0,1,0.938064516,0.486905582,0.696024393,0.188948307,0.302250804,0.847058824,0.455555556,0,0
0.25,0.285714286,0,0,0,0,0,0,0,1,0,0,0,0,0,0,0,0,0,0,1,0.938064516,0.486905582,0.696024393,0.188948307,0.565916399,0.282352941,0.555555556,0,0
0.25,0.285714286,0,0,0,0,0,0,0,1,0,0,0,0,0,0,0,0,0,0,1,0.938064516,0.486905582,0.696024393,0.188948307,0.565916399,0.282352941,0.555555556,0,0
0.25,0.285714286,0,0,0,0,0,0,0,1,0,0,0,0,0,1,0,0,0,0,0,0.904516129,0.503790489,0.711387358,0.160427807,0.392282958,0.6,0.555555556,0,0
0.125,0.285714286,0,0,0,0,0,0,0,1,0,0,0,0,0,1,0,0,0,0,0,0.981935484,0.369400414,0.749618858,0.303030303,0.575562701,0.294117647,0.4,0,0
0.125,0.285714286,0,0,0,0,0,0,0,0,1,0,0,0,0,0,0,0,0,1,0,0.952258065,0.413507926,0.781634807,0.153297683,0.704180064,0.164705882,0.455555556,0,0
0.125,0.285714286,1,0,0,0,0,0,0,0,0,0,0,0,0,0,0,0,0,1,0,0.818064516,0.008959338,0.001641844,0.051693405,0.099678457,0.741176471,0.3,0,0
0.375,0.428571429,0,0,1,0,0,0,0,0,0,0,0,0,0,0,0,0,1,0,0,0.867096774,0.063404549,0.057933623,0.049910873,0.337620579,0.435294118,0.655555556,0,0
0.375,0.428571429,0,0,1,0,0,0,0,0,0,0,0,0,0,0,0,1,0,0,0,0.938064516,0.101998622,0.077870294,0.13368984,0.514469453,0.164705882,0.3,0,0
0.375,0.428571429,0,0,0,0,0,0,0,1,0,0,0,0,0,0,0,0,0,0,1,0.922580645,0.339421089,0.730972206,0.112299465,0.617363344,0.211764706,0.3,0,0
0.375,0.428571429,0,0,0,0,0,0,0,0,1,0,0,0,0,0,0,0,0,1,0,0.952258065,0.299448656,0.810015246,0.126559715,0.581993569,0.352941176,0.3,0,0
0.375,0.428571429,0,0,0,0,0,0,0,0,1,0,0,0,1,0,0,0,0,0,0,0.901935484,0.312543074,0.823267269,0.126559715,0.488745981,0.482352941,0.555555556,0,0
0.375,0.285714286,0,0,1,0,0,0,0,0,0,0,0,0,0,0,0,0,1,0,0,0.867096774,0.063404549,0.057933623,0.049910873,0.36977492,0.329411765,0.6,0,0
0.25,0.285714286,0,0,1,0,0,0,0,0,0,0,0,0,0,0,0,0,1,0,0,0.941935484,0.11095796,0.08162308,0.160427807,0.533762058,0.035294118,0.455555556,0,0
0.25,0.285714286,0,0,0,0,0,0,0,0,1,0,0,0,0,0,0,0,0,0,1,0.916129032,0.306340455,0.816817169,0.085561497,0.662379421,0.282352941,0.355555556,0,0
0.25,0.285714286,0,0,0,0,0,0,0,0,1,0,0,0,1,0,0,0,0,0,0,0.943225806,0.266712612,0.840154802,0.16399287,0.536977492,0.235294118,0.255555556,0,0
0.25,0.285714286,0,0,1,0,0,0,0,0,0,0,0,0,0,1,0,0,0,0,0,0.895483871,0.084769125,0.0700129,0.067736185,0.437299035,0.141176471,0.8,0,0
0.25,0.428571429,0,0,1,0,0,0,0,0,0,0,0,0,0,1,0,0,0,0,0,0.895483871,0.084769125,0.0700129,0.067736185,0.427652733,0.141176471,0.655555556,0,0
0.25,0.285714286,0,0,1,0,0,0,0,0,0,0,0,0,0,0,0,0,0,1,0,0.941935484,0.119572708,0.085493139,0.139037433,0.302250804,0.176470588,0.655555556,0,0
0.25,0.285714286,0,0,1,0,0,0,0,0,0,0,0,0,0,0,0,0,0,1,0,0.941935484,0.119572708,0.085493139,0.139037433,0.418006431,0.141176471,0.5,0,0
0.25,0.285714286,0,0,1,0,0,0,0,0,0,0,0,0,1,0,0,0,0,0,0,0.921290323,0.133011716,0.092295063,0.110516934,0.270096463,0.176470588,0.4,0,0
0.25,0.285714286,0,0,0,0,0,0,0,1,0,0,0,0,0,0,0,1,0,0,0,0.958709677,0.255685734,0.537938314,0.137254902,0.559485531,0.247058824,0.3,0,0
0.25,0.285714286,0,0,0,0,0,0,0,1,0,0,0,0,1,0,0,0,0,0,0,0.939354839,0.49724328,0.703999062,0.190730838,0.260450161,0.694117647,0.2,0,0
0.25,0.285714286,0,0,0,0,0,0,0,1,0,0,0,0,1,0,0,0,0,0,0,0.939354839,0.49724328,0.703999062,0.190730838,0.479099678,0.329411765,0.555555556,0,0
0.25,0.285714286,0,0,0,0,0,0,0,0,1,0,0,0,0,0,0,0,0,0,1,0.950967742,0.423845624,0.789023103,0.151515152,0.652733119,0.317647059,0.555555556,0,0
0.25,0.285714286,0,0,0,0,0,0,0,0,1,0,0,0,0,1,0,0,0,0,0,0.847741935,0.249138525,0.778702944,0.057040998,0.504823151,0.352941176,0.3,0,0
0.25,0.285714286,0,0,0,0,0,0,0,0,1,0,0,0,0,0,0,0,1,0,0,0.975483871,0.289455548,0.80262695,0.28342246,0.565916399,0.411764706,0.555555556,0,0
0.25,0.285714286,0,0,0,0,0,0,0,0,0,1,0,0,0,0,0,0,0,0,1,0.953548387,0.156443832,0.802040577,0.156862745,0.591639871,0.105882353,0.555555556,0,0
0.25,0.428571429,0,0,1,0,0,0,0,0,0,0,0,0,1,0,0,0,0,0,0,0.889032258,0.176085458,0.112466284,0.08912656,0.218649518,0.4,0.2,0,0
0.25,0.428571429,0,0,0,0,0,0,0,0,1,0,0,0,0,0,0,0,1,0,0,0.96516129,0.510682288,0.845197608,0.144385027,0.482315113,0.329411765,0.3,0,0
0.25,0.428571429,0,0,0,0,0,0,0,0,0,1,0,0,0,0,1,0,0,0,0,0.938064516,0.126809097,0.78093116,0.092691622,0.440514469,0.364705882,0.355555556,0,0
0.125,0.428571429,0,0,0,0,0,0,0,0,0,1,0,0,0,0,0,0,0,0,1,0.953548387,0.156443832,0.802040577,0.156862745,0.424437299,0.235294118,0.055555556,0,0
0.375,0.571428571,0,1,0,0,0,0,0,0,0,0,0,0,0,0,0,0,0,1,0,0.638709677,0.070296347,0.09299871,0.01426025,0.424437299,0.294117647,0.255555556,0,0
0.375,0.571428571,0,0,1,0,0,0,0,0,0,0,0,0,1,0,0,0,0,0,0,0.883870968,0.078566506,0.066611939,0.073083779,0.379421222,0.282352941,0.3,0,0
0.375,0.571428571,0,0,1,0,0,0,0,0,0,0,0,0,0,0,0,0,0,0,1,0.910967742,0.172984149,0.110589891,0.171122995,0.270096463,0.364705882,0.5,0,0
0.375,0.571428571,0,0,0,0,0,0,0,0,1,0,0,0,0,0,0,1,0,0,0,0.967741935,0.274982771,0.794300457,0.319073084,0.495176849,0.317647059,0.3,0,0
0.25,0.428571429,0,0,1,0,0,0,0,0,0,0,0,0,0,1,0,0,0,0,0,0.895483871,0.084769125,0.0700129,0.067736185,0.408360129,0.270588235,0.255555556,0,0
0.25,0.428571429,0,0,0,0,0,0,0,1,0,0,0,0,0,0,0,0,0,1,0,0.96516129,0.476567884,0.687580626,0.361853832,0.495176849,0.435294118,0.6,0,0
0.25,0.571428571,0,0,0,0,0,0,0,0,1,0,0,0,0,0,0,0,0,0,1,0.950967742,0.423845624,0.789023103,0.151515152,0.482315113,0.505882353,0.1,0,0
0.25,0.571428571,0,0,0,0,0,0,0,0,1,0,0,0,1,0,0,0,0,0,0,0.931612903,0.432115782,0.795825026,0.124777184,0.430868167,0.6,0.3,0,0
1,1,0,0,0,0,0,0,1,0,0,0,0,0,0,1,0,0,0,0,0,0.865806452,0.162646451,0.358273719,0.069518717,0.508038585,0.317647059,0.255555556,0,0.007259528
0,0.285714286,0,0,0,0,0,0,0,0,1,0,0,0,0,1,0,0,0,0,0,0.932903226,0.44245348,0.802978773,0.124777184,0.627009646,0.270588235,0.2,0,0.008671103
0.125,0.428571429,0,0,0,0,0,0,0,0,1,0,0,0,1,0,0,0,0,0,0,0.931612903,0.432115782,0.795825026,0.124777184,0.633440514,0.282352941,0.155555556,0,0.009477717
0,0,0,0,0,0,0,0,0,1,0,0,0,0,0,0,1,0,0,0,0,0.990967742,0.340454859,0.592705524,0.235294118,0.678456592,0.188235294,0.455555556,0,0.011090946
0.875,0.571428571,0,0,0,0,0,0,0,1,0,0,0,0,0,0,0,0,1,0,0,0.921290323,0.368366644,0.612055823,0.222816399,0.610932476,0.423529412,0.944444444,0,0.012300867
0,0,0,0,0,0,0,0,1,0,0,0,0,0,0,0,0,0,0,1,0,0.92,0.172984149,0.338219772,0.155080214,0.463022508,0.447058824,0.555555556,0,0.014317403
0.125,0.428571429,0,0,0,0,0,0,0,1,0,0,0,0,0,0,1,0,0,0,0,0.990967742,0.340454859,0.592705524,0.235294118,0.694533762,0.2,0.555555556,0,0.015527324
0.625,0.428571429,0,0,0,0,0,0,0,1,0,0,0,0,0,0,0,1,0,0,0,0.987096774,0.450034459,0.669520347,0.185383244,0.810289389,0.082352941,0.4,0,0.01814882
0.5,0.285714286,0,0,1,0,0,0,0,0,0,0,0,0,1,0,0,0,0,0,0,0.921290323,0.133011716,0.092295063,0.110516934,0.353697749,0.294117647,0.555555556,0,0.019157088
0.875,0.142857143,0,0,0,0,0,0,0,0,1,0,0,0,0,1,0,0,0,0,0,0.847741935,0.249138525,0.778702944,0.057040998,0.707395498,0.152941176,0.355555556,0,0.019358742
0.125,0,0,0,0,0,0,0,0,1,0,0,0,0,0,1,0,0,0,0,0,0.981935484,0.369400414,0.749618858,0.303030303,0.488745981,0.329411765,0.7,0,0.021576931
0.875,0.571428571,0,0,0,0,0,0,0,0,1,0,0,0,0,0,0,1,0,0,0,0.967741935,0.274982771,0.794300457,0.319073084,0.691318328,0.117647059,0.455555556,0,0.022585199
0.625,0.428571429,0,0,0,0,0,1,0,0,0,0,0,0,0,0,0,0,1,0,0,0.952258065,0.190558236,0.498885892,0.126559715,0.675241158,0.282352941,0.555555556,0,0.023996774
1,1,0,0,0,0,0,0,1,0,0,0,0,0,0,0,0,0,0,0,1,0.921290323,0.232598208,0.407294476,0.128342246,0.726688103,0.164705882,0.2,0,0.027424884
0.25,0.285714286,0,0,0,0,0,0,1,0,0,0,0,0,0,0,0,0,0,1,0,0.921290323,0.172639559,0.488096634,0.110516934,0.720257235,0.329411765,0.155555556,0,0.028836459
0.5,0.285714286,0,0,0,0,0,0,0,0,1,0,0,0,0,0,0,0,1,0,0,0.975483871,0.289455548,0.80262695,0.28342246,0.575562701,0.376470588,0.5,0,0.02944142
0,0.428571429,0,0,0,0,0,0,0,0,1,0,0,0,0,0,0,0,0,1,0,0.963870968,0.49724328,0.836753841,0.144385027,0.881028939,0.141176471,0.255555556,0,0.02944142
0.75,0.285714286,0,0,0,0,0,0,0,1,0,0,0,0,0,0,0,0,0,0,1,0.981935484,0.369400414,0.749618858,0.303030303,0.45659164,0.376470588,0.1,0,0.031457955
0.125,0.285714286,0,0,0,0,0,0,0,0,1,0,0,0,0,0,0,0,0,1,0,0.963870968,0.49724328,0.836753841,0.144385027,0.848874598,0.141176471,0.2,0,0.032466223
0.125,0,0,0,0,0,0,0,0,1,0,0,0,0,0,0,1,0,0,0,0,0.947096774,0.379393522,0.757828076,0.171122995,0.520900322,0.352941176,0.355555556,0,0.03286953
0.125,0.285714286,0,0,0,0,0,0,0,1,0,0,0,0,0,0,1,0,0,0,0,0.947096774,0.379393522,0.757828076,0.171122995,0.588424437,0.235294118,0.4,0,0.033071184
0.75,0.285714286,0,0,0,0,0,0,0,0,1,0,0,0,0,0,0,0,1,0,0,0.950967742,0.402481048,0.774129237,0.217468806,0.540192926,0.223529412,0.6,0,0.034079452
0.75,0.285714286,0,0,1,0,0,0,0,0,0,0,0,0,1,0,0,0,0,0,0,0.921290323,0.133011716,0.092295063,0.110516934,0.446945338,0.164705882,0.3,0,0.035289373
0.625,0.285714286,0,0,0,0,0,0,0,1,0,0,0,0,0,0,0,1,0,0,0,0.987096774,0.450034459,0.669520347,0.185383244,0.581993569,0.305882353,0.4,0,0.038314176
0.625,0.142857143,0,0,1,0,0,0,0,0,0,0,0,0,0,0,0,0,0,1,0,0.927741935,0.16884907,0.108478949,0.139037433,0.418006431,0.188235294,0.9,0,0.03912079
0.875,0.571428571,0,0,0,0,0,0,0,0,1,0,0,0,0,0,0,0,0,1,0,0.952258065,0.413507926,0.781634807,0.153297683,0.501607717,0.482352941,0.155555556,0,0.039322444
0.875,0.428571429,0,0,0,0,0,0,0,0,1,0,0,0,0,0,0,0,0,0,1,0.916129032,0.306340455,0.816817169,0.085561497,0.501607717,0.611764706,0.2,0,0.040532365
0.625,0.428571429,0,0,1,0,0,0,0,0,0,0,0,0,0,0,0,1,0,0,0,0.854193548,0.058924879,0.055236308,0.053475936,0.099678457,0.647058824,0.455555556,0,0.043153862
0.625,0.428571429,0,0,0,0,0,0,0,1,0,0,0,0,0,0,1,0,0,0,0,0.947096774,0.379393522,0.757828076,0.171122995,0.463022508,0.376470588,0.055555556,0,0.046178665
0.625,0.428571429,0,0,0,0,0,0,0,1,0,0,0,0,0,0,1,0,0,0,0,0.997419355,0.434183322,0.65978656,0.294117647,0.681672026,0.211764706,0.455555556,0,0.050615043
0.625,0.428571429,0,0,1,0,0,0,0,0,0,0,0,0,0,0,0,0,1,0,0,0.935483871,0.162646451,0.105429811,0.222816399,0.398713826,0.129411765,1,0,0.05101835
0.875,0.571428571,0,0,0,0,0,0,0,1,0,0,0,0,0,0,0,1,0,0,0,0.987096774,0.450034459,0.669520347,0.185383244,0.594855305,0.352941176,0.2,0,0.051421658
0.5,0.285714286,0,0,0,0,0,0,0,0,1,0,0,0,0,0,1,0,0,0,0,0.957419355,0.455547898,0.811187991,0.16399287,0.633440514,0.235294118,0.155555556,0,0.051824965
0.875,0.571428571,0,0,0,0,0,0,0,1,0,0,0,0,0,0,1,0,0,0,0,0.863225806,0.307718815,0.705640905,0.117647059,0.488745981,0.411764706,0.4,0,0.054244807
0.75,0.285714286,0,0,0,0,0,0,0,1,0,0,0,0,0,0,0,0,0,0,1,0.938064516,0.486905582,0.696024393,0.188948307,0.575562701,0.282352941,0.555555556,0,0.055253075
0.375,0.285714286,0,0,0,0,0,0,0,0,1,0,0,0,1,0,0,0,0,0,0,0.931612903,0.432115782,0.795825026,0.124777184,0.498392283,0.282352941,0.2,0,0.061907643
0,0.285714286,0,0,0,0,0,0,0,1,0,0,0,0,0,0,0,0,0,1,0,0.922580645,0.330117161,0.722762988,0.158645276,0.38585209,0.447058824,0.155555556,0,0.070578746
0,0.285714286,0,0,0,0,0,0,0,1,0,0,0,0,0,0,0,0,0,1,0,0.922580645,0.330117161,0.722762988,0.158645276,0.581993569,0.282352941,0.5,0,0.091349062
0.625,0.428571429,0,0,0,1,0,0,0,0,0,0,0,0,0,0,0,1,0,0,0,0.810322581,0.027567195,0.055470857,0.048128342,0.115755627,0.458823529,0.6,0,0.092962291
0.125,0.428571429,0,0,0,0,0,0,0,1,0,0,0,0,0,0,0,0,0,0,1,0.922580645,0.339421089,0.730972206,0.112299465,0.546623794,0.341176471,0.255555556,0,0.094575519
0.125,0.428571429,0,0,0,0,0,0,0,0,1,0,0,0,0,0,1,0,0,0,0,0.921290323,0.281874569,0.8535241,0.110516934,0.517684887,0.352941176,0.2,0,0.098406937
0.875,0.571428571,0,0,0,0,0,0,0,1,0,0,0,0,0,1,0,0,0,0,0,0.904516129,0.503790489,0.711387358,0.160427807,0.392282958,0.6,0.555555556,0,0.105464811
0,0.142857143,0,0,0,0,0,0,0,0,1,0,0,0,0,0,0,0,0,0,1,0.950967742,0.423845624,0.789023103,0.151515152,0.697749196,0.2,0.7,0,0.107481347
0.875,0.571428571,0,0,0,0,0,0,0,0,0,1,0,0,1,0,0,0,0,0,0,0.854193548,0.10923501,0.769672804,0.053475936,0.54340836,0.2,0.4,0,0.109699536
0.5,0.285714286,0,1,0,0,0,0,0,0,0,0,0,0,0,0,0,0,0,0,1,0.878709677,0.049965541,0.047378914,0.069518717,0.327974277,0.447058824,0.2,0,0.128654971
0.75,0.285714286,0,0,0,0,0,0,0,0,0,1,0,0,1,0,0,0,0,0,0,0.941935484,0.163335631,0.807083382,0.197860963,0.469453376,0.352941176,0.455555556,0,0.137729381
0.875,0.571428571,0,0,0,0,0,0,0,1,0,0,0,0,0,0,0,0,1,0,0,0.970322581,0.463818057,0.678785036,0.26916221,0.59807074,0.223529412,0.5,0,0.140350877
0.125,0.428571429,0,0,0,0,0,0,0,0,1,0,0,0,0,1,0,0,0,0,0,0.932903226,0.44245348,0.802978773,0.124777184,0.495176849,0.364705882,0.3,0,0.141964106
0.875,0.571428571,0,0,1,0,0,0,0,0,0,0,0,0,0,0,0,0,0,0,1,0.910967742,0.172984149,0.110589891,0.171122995,0.29903537,0.282352941,0.6,0,0.144988909
0,0.428571429,0,0,0,0,0,0,0,0,1,0,0,0,1,0,0,0,0,0,0,0.931612903,0.432115782,0.795825026,0.124777184,0.604501608,0.317647059,0.2,0,0.147207098
0.625,0.285714286,0,0,1,0,0,0,0,0,0,0,0,0,0,0,0,0,0,1,0,0.930322581,0.140592695,0.09557875,0.140819964,0.356913183,0.317647059,0.055555556,0,0.149223634
0.75,0.285714286,0,0,1,0,0,0,0,0,0,0,0,0,0,0,0,0,0,0,1,0.929032258,0.147829083,0.099096986,0.098039216,0.29903537,0.529411765,0.4,0,0.166162533
0.625,0.428571429,0,0,1,0,0,0,0,0,0,0,0,0,0,0,0,0,1,0,0,0.935483871,0.162646451,0.105429811,0.222816399,0.305466238,0.211764706,0.4,0,0.167574108
0.125,0.428571429,0,0,0,0,0,0,0,1,0,0,0,0,0,0,0,1,0,0,0,0.987096774,0.450034459,0.669520347,0.185383244,0.707395498,0.152941176,0.255555556,0,0.175035289
0.125,0,0,0,0,0,0,0,0,1,0,0,0,0,0,1,0,0,0,0,0,0.981935484,0.369400414,0.749618858,0.303030303,0.720257235,0.082352941,0.455555556,0,0.17564025
0.375,0.428571429,0,0,0,0,0,0,0,0,1,0,0,0,0,0,1,0,0,0,0,0.957419355,0.455547898,0.811187991,0.16399287,0.710610932,0.117647059,0.4,0,0.189755999
0.125,0,0,0,0,0,0,0,0,1,0,0,0,0,0,1,0,0,0,0,0,0.981935484,0.369400414,0.749618858,0.303030303,0.720257235,0.082352941,0.455555556,0,0.201855213
0.125,0.428571429,0,0,0,0,0,0,0,1,0,0,0,0,0,0,0,0,1,0,0,0.970322581,0.463818057,0.678785036,0.26916221,0.68488746,0.247058824,0.555555556,0,0.202056866
0.625,0.428571429,0,0,0,1,0,0,0,0,0,0,0,0,0,0,0,1,0,0,0,0.810322581,0.027567195,0.055470857,0.048128342,0.115755627,0.458823529,0.6,0,0.22040734
0.375,0.428571429,0,0,0,0,0,0,0,0,1,0,0,0,0,0,0,1,0,0,0,0.957419355,0.468297726,0.81916266,0.16399287,0.620578778,0,0.055555556,0,0.223028836
0.25,0.285714286,0,0,0,0,0,0,0,0,1,0,0,0,0,1,0,0,0,0,0,0.932903226,0.44245348,0.802978773,0.124777184,0.376205788,0.517647059,0.655555556,0,0.226658601
0.125,0.285714286,0,0,0,0,0,0,0,0,1,0,0,0,1,0,0,0,0,0,0,0.578064516,0.240179187,0.770962824,0.01426025,0.655948553,0.270588235,0.355555556,0,0.228271829
0,0.428571429,0,0,0,0,0,0,0,0,1,0,0,0,0,1,0,0,0,0,0,0.932903226,0.44245348,0.802978773,0.124777184,0.623794212,0.211764706,0.2,0,0.232506554
0.625,0.428571429,0,0,1,0,0,0,0,0,0,0,0,0,0,0,0,0,0,0,1,0.921290323,0.125775327,0.088894101,0.128342246,0.327974277,0.458823529,0.355555556,0,0.244000807
0.75,0.285714286,0,1,0,0,0,0,0,0,0,0,0,0,0,0,0,0,0,0,1,0.841290323,0.026188835,0.028380439,0.037433155,0.21221865,0.623529412,0.2,0,0.263157895
0.875,0.571428571,0,0,0,0,0,0,0,0,0,1,0,0,0,0,1,0,0,0,0,0.938064516,0.126809097,0.78093116,0.092691622,0.578778135,0.258823529,0.255555556,0,0.276265376
0.5,0.571428571,0,0,1,0,0,0,0,0,0,0,0,0,0,0,0,0,0,1,0,0.927741935,0.16884907,0.108478949,0.139037433,0.414790997,0.576470588,0.4,0,0.282113329
0.375,0.428571429,0,0,0,0,0,0,0,0,1,0,0,0,0,0,0,1,0,0,0,0.957419355,0.468297726,0.81916266,0.16399287,0.639871383,0.223529412,0.155555556,0,0.293809236
0.125,0,0,0,0,0,0,0,0,1,0,0,0,0,0,0,0,0,0,1,0,0.96516129,0.476567884,0.687580626,0.361853832,0.665594855,0.188235294,0.755555556,0,0.311554749
0.75,0.428571429,0,0,0,0,0,0,0,0,1,0,0,0,0,1,0,0,0,0,0,0.932903226,0.44245348,0.802978773,0.124777184,0.594855305,0.258823529,0.2,0,0.346844122
0.625,0.428571429,0,0,0,0,0,0,0,0,1,0,0,0,0,0,0,0,1,0,0,0.950967742,0.402481048,0.774129237,0.217468806,0.559485531,0.211764706,0.655555556,0,0.387779794
0.875,0.142857143,0,0,0,0,0,0,0,0,1,0,0,0,0,0,0,1,0,0,0,0.967741935,0.274982771,0.794300457,0.319073084,0.675241158,0.129411765,0.5,0,0.472070982
0.375,0.285714286,0,0,0,0,0,0,0,0,0,1,0,0,0,0,0,0,0,1,0,0.927741935,0.146795314,0.796294125,0.11942959,0.520900322,0.117647059,0.3,0,0.488606574
0.75,0.285714286,0,0,0,0,0,0,0,1,0,0,0,0,0,0,0,0,0,1,0,0.96516129,0.476567884,0.687580626,0.361853832,0.093247588,0.952941176,0.6,0,0.524299254
0.75,0.285714286,0,0,0,0,0,0,0,0,1,0,0,0,0,0,0,0,1,0,0,0.975483871,0.289455548,0.80262695,0.28342246,0.575562701,0.376470588,0.5,0,0.52692075
0.75,0.142857143,0,0,1,0,0,0,0,0,0,0,0,0,1,0,0,0,0,0,0,0.889032258,0.176085458,0.112466284,0.08912656,0.282958199,0.364705882,0.6,0,0.551522484
0.375,0.285714286,0,0,1,0,0,0,0,0,0,0,0,0,0,0,0,0,0,1,0,0.941935484,0.119572708,0.085493139,0.139037433,0.475884244,0.141176471,0.5,0,0.577939101
0.375,0.285714286,0,0,1,0,0,0,0,0,0,0,0,0,0,0,0,0,0,1,0,0.941935484,0.119572708,0.085493139,0.139037433,0.475884244,0.141176471,0.5,0,0.577939101
0.375,0.285714286,0,0,0,0,0,0,0,0,1,0,0,0,0,0,0,0,0,0,1,0.950967742,0.423845624,0.789023103,0.151515152,0.47266881,0.529411765,0.1,0,0.594474692
0,0.142857143,0,0,0,0,0,0,0,0,1,0,0,0,1,0,0,0,0,0,0,0.901935484,0.312543074,0.823267269,0.126559715,0.327974277,0.682352941,0.655555556,0,0.611413591
0.375,0.428571429,0,0,0,0,0,0,0,0,1,0,0,0,0,0,1,0,0,0,0,0.957419355,0.455547898,0.811187991,0.16399287,0.553054662,0.047058824,0.1,0,0.63964509
0.625,0.428571429,0,0,1,0,0,0,0,0,0,0,0,0,1,0,0,0,0,0,0,0.921290323,0.133011716,0.092295063,0.110516934,0.418006431,0.141176471,0.3,0,0.64246824
0.875,0.571428571,0,0,0,0,0,0,0,1,0,0,0,0,0,0,0,0,0,0,1,0.922580645,0.339421089,0.730972206,0.112299465,0.450160772,0.517647059,0.3,0,0.646702964
0.25,0.285714286,0,0,0,0,0,0,0,0,1,0,0,0,0,0,0,0,1,0,0,0.962580645,0.482770503,0.82795825,0.247771836,0.52733119,0.4,0.355555556,0,0.72353297
0.375,0.142857143,0,0,1,0,0,0,0,0,0,0,0,0,1,0,0,0,0,0,0,0.889032258,0.176085458,0.112466284,0.08912656,0.282958199,0.364705882,0.6,0,0.743093366
0.125,0,0,0,0,0,0,0,1,0,0,0,0,0,0,0,0,0,1,0,0,0.898064516,0.514128187,0.35416911,0.121212121,0.360128617,0.752941176,0.355555556,0,0.746521476
0.75,0.285714286,0,0,0,0,0,0,0,0,1,0,0,0,0,0,1,0,0,0,0,0.921290323,0.281874569,0.8535241,0.110516934,0.424437299,0.494117647,0.455555556,0,0.760435572
0.375,0.285714286,0,0,0,0,0,0,0,0,1,0,0,0,0,0,0,0,0,0,1,0.96516129,0.510682288,0.845197608,0.144385027,0.665594855,0.282352941,0.5,0,0.97902803
0.75,0.428571429,0,0,0,0,0,0,0,0,0,1,0,0,1,0,0,0,0,0,0,0.941935484,0.163335631,0.807083382,0.197860963,0.446945338,0.341176471,0.4,0,0.995563622
0.75,0.428571429,0,0,0,1,0,0,0,0,0,0,0,0,0,0,0,0,0,0,1,0.815483871,0.006547209,0,0.062388592,0.360128617,0.705882353,0.155555556,0,0
0.625,0.142857143,0,0,0,1,0,0,0,0,0,0,0,0,0,0,1,0,0,0,0,0.894193548,0.05547898,0.041749736,0.067736185,0.418006431,0.423529412,0.255555556,0,0
0.375,0.285714286,0,0,0,1,0,0,0,0,0,0,0,0,0,0,0,0,1,0,0,0.829677419,0.076498966,0.090770494,0.040998217,0.466237942,0.058823529,0.3,0,0
0.125,0.285714286,0,0,0,0,0,0,0,1,0,0,0,0,0,0,0,0,0,0,1,0.974193548,0.417643005,0.682537821,0.229946524,0.424437299,0.6,0.4,0,0.204275055
0.75,0.285714286,0,0,0,0,0,0,0,1,0,0,0,0,0,0,0,0,0,0,1,0.943225806,0.599586492,0.812478011,0.245989305,0.633440514,0.682352941,0.8,0.15625,0
0.125,0.285714286,0,0,0,0,0,0,0,1,0,0,0,0,0,0,0,0,0,0,1,0.943225806,0.599586492,0.812478011,0.245989305,0.649517685,0.458823529,0.8,0,0.057874571
0.25,0.285714286,0,0,0,0,0,0,0,1,0,0,0,0,0,0,0,0,0,0,1,0.943225806,0.599586492,0.812478011,0.245989305,0.790996785,0.270588235,0.655555556,0,0.01532567
0.5,0.285714286,0,0,0,0,0,0,0,1,0,0,0,0,0,0,0,0,0,0,1,0.943225806,0.599586492,0.812478011,0.245989305,0.75562701,0.282352941,0.555555556,0,0.001814882
0.125,0.285714286,0,0,0,0,0,0,0,1,0,0,0,0,0,0,1,0,0,0,0,0.948387097,0.311853894,0.581329893,0.171122995,0.594855305,0.647058824,0.2,0,0.015124017
0.875,0.571428571,0,0,0,0,0,0,0,1,0,0,0,0,0,0,1,0,0,0,0,0.96,0.538249483,0.772604668,0.240641711,0.852090032,0.152941176,0.255555556,0,0
0.25,0.285714286,0,0,0,0,0,0,0,1,0,0,0,0,0,0,1,0,0,0,0,0.96,0.538249483,0.772604668,0.240641711,0.627009646,0.294117647,0,0,0.049808429
0.875,0.428571429,0,0,0,0,0,0,0,1,0,0,0,0,0,0,1,0,0,0,0,0.96,0.538249483,0.772604668,0.240641711,0.790996785,0.117647059,0.3,0,0.013712442
0.875,0.428571429,0,0,0,0,0,0,0,1,0,0,0,0,0,0,1,0,0,0,0,0.96,0.538249483,0.772604668,0.240641711,0.70096463,0.247058824,0.3,0,0.004839685
0.625,0.428571429,0,0,0,0,0,0,0,1,0,0,0,0,0,0,1,0,0,0,0,0.96,0.538249483,0.772604668,0.240641711,0.639871383,0.258823529,0.355555556,0,0.004234725
0.75,0.285714286,0,0,0,0,0,0,0,1,0,0,0,0,0,0,0,1,0,0,0,0.944516129,0.372501723,0.653922833,0.142602496,0.617363344,0.270588235,0.255555556,0,0.030651341
0.625,0.142857143,0,0,0,0,0,0,0,1,0,0,0,0,0,0,0,1,0,0,0,0.940645161,0.472088215,0.719831125,0.112299465,0.536977492,0.305882353,0.3,0,0.20850978
0.125,0.428571429,0,0,0,0,0,0,0,1,0,0,0,0,0,0,0,1,0,0,0,0.887741935,0.261543763,0.805558813,0.08912656,0.646302251,0.364705882,0.4,0,0
0.875,0.571428571,0,0,0,0,0,0,0,1,0,0,0,0,0,0,0,0,0,1,0,0.974193548,0.400068918,0.672217662,0.196078431,0.697749196,0.305882353,0.2,0,0.161726154
0.375,0.142857143,0,0,0,0,0,0,0,1,0,0,0,0,0,0,0,0,0,1,0,0.974193548,0.400068918,0.672217662,0.196078431,0.617363344,0.341176471,0.255555556,0,0.013712442
0.25,0.285714286,0,0,0,0,0,0,0,1,0,0,0,0,0,0,0,0,0,1,0,0.943225806,0.585113715,0.80262695,0.244206774,0.591639871,0.517647059,0.055555556,0,0
0.75,0.285714286,0,0,0,0,0,0,0,1,0,0,0,0,0,0,0,0,0,1,0,0.943225806,0.585113715,0.80262695,0.244206774,0.691318328,0.294117647,0.155555556,0,0.027828191
0.125,0.285714286,0,0,0,0,0,0,0,1,0,0,0,0,1,0,0,0,0,0,0,0.966451613,0.33356306,0.626363317,0.256684492,0.839228296,0.2,0.4,0,0.1784634
0.25,0.285714286,0,0,0,0,0,0,0,1,0,0,0,0,0,0,0,0,1,0,0,0.940645161,0.383528601,0.662718424,0.158645276,0.289389068,0.811764706,0.8,0,0.066545675
0.125,0.285714286,0,0,0,0,0,0,0,1,0,0,0,0,0,0,0,0,1,0,0,0.940645161,0.383528601,0.662718424,0.158645276,0.617363344,0.317647059,0.3,0,0.085702763
0.625,0.142857143,0,0,0,0,0,0,0,1,0,0,0,0,0,0,0,0,1,0,0,0.934193548,0.482425913,0.728509441,0.126559715,0.549839228,0.282352941,0.355555556,0,0.031457955
0.375,0.285714286,0,0,0,0,0,0,0,1,0,0,0,0,0,0,0,0,1,0,0,0.975483871,0.573742247,0.793362261,0.231729055,0.63022508,0.447058824,0.3,0,0.131881428
0.375,0.285714286,0,0,0,0,0,0,0,1,0,0,0,0,0,1,0,0,0,0,0,0.967741935,0.348380427,0.636097103,0.260249554,0.639871383,0.458823529,0.8,0,0.015930631
0.625,0.428571429,0,0,0,0,0,0,0,1,0,0,0,0,0,1,0,0,0,0,0,0.975483871,0.450034459,0.702709042,0.404634581,0.553054662,0.470588235,0.4,0,0.003428111
0.125,0,0,0,0,0,0,0,0,1,0,0,0,0,0,1,0,0,0,0,0,0.947096774,0.522053756,0.762636332,0.254901961,0.691318328,0.105882353,0.3,0,0
0.25,0.285714286,0,0,0,0,0,0,0,1,0,0,0,0,0,1,0,0,0,0,0,0.947096774,0.522053756,0.762636332,0.254901961,0.604501608,0.2,0.3,0,0
0.375,0.285714286,0,0,0,0,0,0,0,1,0,0,0,0,0,1,0,0,0,0,0,0.947096774,0.522053756,0.762636332,0.254901961,0.54340836,0.447058824,0.255555556,0,0.088727566
0.125,0,0,0,0,0,0,0,0,1,0,0,0,0,0,1,0,0,0,0,0,0.947096774,0.522053756,0.762636332,0.254901961,0.63022508,0.482352941,0.3,0,0.010485985
0.875,0.571428571,0,0,0,0,0,0,0,1,0,0,0,0,0,1,0,0,0,0,0,0.947096774,0.522053756,0.762636332,0.254901961,0.575562701,0.505882353,0.455555556,0,0.186932849
0.125,0.428571429,0,0,0,0,0,0,0,1,0,0,0,0,0,1,0,0,0,0,0,0.947096774,0.522053756,0.762636332,0.254901961,0.578778135,0.376470588,0.4,0,0.06231095
0.375,0.571428571,0,0,0,0,0,0,0,0,0,0,0,1,0,0,0,0,0,0,1,0.847741935,0.089937974,0.405300809,0.121212121,0.083601286,0.494117647,0.9,0,0.181084896
0.875,0.571428571,0,0,0,0,0,0,0,0,0,0,0,1,0,0,1,0,0,0,0,0.842580645,0.092005513,0.406590829,0.094474153,0.093247588,0.541176471,0.844444444,0,0.225650333
0.375,0.571428571,0,0,0,0,0,0,0,0,0,0,0,1,0,0,0,1,0,0,0,0.850322581,0.087181254,0.403541691,0.035650624,0.093247588,0.541176471,0.5,0,0.108489615
0.375,0.285714286,0,0,0,0,0,0,0,0,0,0,0,1,1,0,0,0,0,0,0,0.860645161,0.083735355,0.400844377,0.046345811,0.077170418,0.070588235,0.9,0,0.359951603
0.25,0.285714286,0,0,0,0,0,0,0,0,0,0,0,1,1,0,0,0,0,0,0,0.860645161,0.083735355,0.400844377,0.046345811,0.077170418,0.070588235,0.9,0,0.216374269
0.375,0.285714286,0,0,0,0,0,0,0,0,0,0,0,1,1,0,0,0,0,0,0,0.860645161,0.083735355,0.400844377,0.046345811,0.077170418,0.070588235,0.9,0,0.444242791
0.375,0.285714286,0,0,0,0,0,0,0,0,0,0,0,1,1,0,0,0,0,0,0,0.860645161,0.083735355,0.400844377,0.046345811,0.077170418,0.070588235,0.9,0,0.197015527
0.375,0.571428571,0,0,0,0,0,0,0,0,0,0,0,1,0,0,0,0,1,0,0,0.851612903,0.088215024,0.404245338,0.073083779,0,0.517647059,0.5,0,0.186932849
0.625,0.428571429,0,0,0,0,0,0,0,0,0,0,0,1,0,1,0,0,0,0,0,0.860645161,0.083735355,0.400844377,0.046345811,0.093247588,0.105882353,0.9,0,0.499495866
0.625,0.142857143,0,1,0,0,0,0,0,0,0,0,0,0,0,0,0,0,0,0,1,0.854193548,0.090971744,0.405300809,0.060606061,0.064308682,0.423529412,0.4,0,0
0.25,0.285714286,0,1,0,0,0,0,0,0,0,0,0,0,0,0,1,0,0,0,0,0.88,0.018952447,0.01266565,0.057040998,0.21221865,0.235294118,0.3,0,0.022181892
0.5,0.285714286,0,1,0,0,0,0,0,0,0,0,0,0,0,0,0,0,1,0,0,0.858064516,0.013094418,0.009264689,0.112299465,0.170418006,0.364705882,0.844444444,0,0.488808227
0.125,0.428571429,0,0,0,0,0,0,1,0,0,0,0,0,0,0,0,0,0,0,1,0.970322581,0.580978635,0.473671866,0.219251337,0.681672026,0.294117647,0.655555556,0,0
0.75,0.571428571,0,0,0,0,0,0,1,0,0,0,0,0,0,0,1,0,0,0,0,0.935483871,0.627153687,0.504045972,0.222816399,0.334405145,0.882352941,0.8,0.03125,0
0.75,0.285714286,0,0,0,0,0,0,1,0,0,0,0,0,0,0,0,0,0,1,0,0.940645161,0.355272226,0.5476721,0.160427807,0.639871383,0.4,0.255555556,0,0
0.75,0.285714286,0,0,0,0,0,0,1,0,0,0,0,0,0,0,0,0,0,1,0,0.940645161,0.355272226,0.5476721,0.160427807,0.707395498,0.2,0.155555556,0,0
0.75,0.285714286,0,0,0,0,0,0,1,0,0,0,0,0,0,0,0,0,0,1,0,0.940645161,0.355272226,0.5476721,0.160427807,0.710610932,0.176470588,0.155555556,0,0
0.125,0.428571429,0,0,0,0,0,0,1,0,0,0,0,0,0,0,0,0,0,1,0,0.940645161,0.355272226,0.5476721,0.160427807,0.530546624,0.447058824,0.155555556,0,0
1,0.285714286,0,0,0,0,0,0,1,0,0,0,0,0,0,0,0,0,0,1,0,0.940645161,0.355272226,0.5476721,0.160427807,0.742765273,0.282352941,0.055555556,0,0.161322847
0.375,0.428571429,0,0,0,0,0,0,1,0,0,0,0,0,0,0,0,0,1,0,0,0.940645161,0.341488629,0.53758649,0.112299465,0.665594855,0.294117647,0.1,0,0.05323654
0.875,0.571428571,0,0,0,0,0,0,1,0,0,0,0,0,0,1,0,0,0,0,0,0.949677419,0.302205376,0.507798757,0.151515152,0.479099678,0.611764706,0.355555556,0,0.132486388
0.75,0.428571429,0,0,0,0,0,1,0,0,0,0,0,0,0,0,0,0,0,0,1,0.96,0.617849759,0.495954028,0.196078431,0.643086817,0.388235294,0.1,0,0
0.625,0.285714286,0,0,0,0,0,1,0,0,0,0,0,0,0,0,0,0,0,0,1,0.92516129,0.304617505,0.331769673,0.114081996,0.389067524,0.364705882,0.155555556,0,0.01814882
0.875,0.571428571,0,0,0,0,0,1,0,0,0,0,0,0,0,0,0,0,0,0,1,0.92516129,0.304617505,0.331769673,0.114081996,0.424437299,0.352941176,0.2,0,0
0.875,0.571428571,0,0,0,0,0,1,0,0,0,0,0,0,0,0,1,0,0,0,0,0.935483871,0.505513439,0.433094875,0.226381462,0.559485531,0.329411765,0.5,0,0
0.625,0.428571429,0,0,0,0,0,1,0,0,0,0,0,0,0,0,0,0,0,1,0,0.447741935,0.240868367,0.264923185,0.007130125,0.270096463,0.882352941,0.255555556,0,0
0.625,0.428571429,0,0,0,0,0,1,0,0,0,0,0,0,1,0,0,0,0,0,0,0.92516129,0.317711923,0.340330714,0.13368984,0.594855305,0.117647059,0.5,0,0
0.625,0.428571429,0,0,0,0,0,1,0,0,0,0,0,0,1,0,0,0,0,0,0,0.92516129,0.317711923,0.340330714,0.13368984,0.54340836,0.282352941,0.555555556,0,0.070982053
0.25,0.571428571,0,0,0,0,0,1,0,0,0,0,0,0,0,0,0,0,1,0,0,0.934193548,0.320468642,0.262929518,0.126559715,0.546623794,0.270588235,0.455555556,0,0
0.25,0.571428571,0,0,0,0,0,1,0,0,0,0,0,0,0,0,0,0,1,0,0,0.934193548,0.320468642,0.262929518,0.126559715,0.546623794,0.270588235,0.455555556,0,0
0.625,0.428571429,0,0,0,0,1,0,0,0,0,0,0,0,0,0,0,0,0,1,0,0.856774194,0.092694693,0.124193738,0.062388592,0.292604502,0.929411765,0.5,0,0
0,0.285714286,0,0,0,0,0,0,0,0,1,0,0,0,0,0,0,0,0,0,1,0.91483871,0.286009649,0.828427348,0.101604278,0.540192926,0.435294118,0.2,0,0
0.75,0.285714286,0,0,0,0,0,0,0,0,1,0,0,0,0,0,0,0,0,0,1,0.91483871,0.286009649,0.828427348,0.101604278,0.479099678,0.447058824,0.555555556,0,0.008267796
0.25,0.285714286,0,0,0,0,0,0,0,0,1,0,0,0,0,0,0,0,0,0,1,0.91483871,0.286009649,0.828427348,0.101604278,0.694533762,0.235294118,0.355555556,0,0.104456544
0.125,0.285714286,0,0,0,0,0,0,0,0,1,0,0,0,0,0,0,0,0,0,1,0.950967742,0.360785665,0.879793597,0.176470588,0.443729904,0.352941176,0.155555556,0,0
0.125,0.285714286,0,0,0,0,0,0,0,0,1,0,0,0,0,0,0,0,0,0,1,0.950967742,0.360785665,0.879793597,0.176470588,0.729903537,0.141176471,0.2,0,0
0.75,0.285714286,0,0,0,0,0,0,0,0,1,0,0,0,0,0,0,0,0,0,1,0.950967742,0.360785665,0.879793597,0.176470588,0.742765273,0.141176471,0.255555556,0,0
0.625,0.142857143,0,0,0,0,0,0,0,0,1,0,0,0,0,0,0,0,0,0,1,0.950967742,0.360785665,0.879793597,0.176470588,0.726688103,0.152941176,0.155555556,0,0.288162936
0.125,0.285714286,0,0,0,0,0,0,0,0,1,0,0,0,0,0,0,0,0,0,1,0.409032258,0.155410062,0.819397209,0.007130125,0.321543408,0.741176471,0.655555556,0,0
0.625,0.428571429,0,0,0,0,0,0,0,0,1,0,0,0,0,0,1,0,0,0,0,0.953548387,0.393866299,0.902075759,0.156862745,0.710610932,0.141176471,0.5,0,0
0.375,0.285714286,0,0,0,0,0,0,0,0,1,0,0,0,0,0,1,0,0,0,0,0.953548387,0.393866299,0.902075759,0.156862745,0.562700965,0.305882353,0.155555556,0,0.031861262
0.25,0.285714286,0,0,0,0,0,0,0,0,1,0,0,0,0,0,1,0,0,0,0,0.935483871,0.460372157,0.949454673,0.128342246,0.524115756,0.176470588,0.255555556,0,0
0.375,0.428571429,0,0,0,0,0,0,0,0,1,0,0,0,0,0,0,1,0,0,0,0.950967742,0.327705031,0.857863258,0.153297683,0.52733119,0.105882353,0.6,0,0
0.375,0.285714286,0,0,0,0,0,0,0,0,1,0,0,0,0,0,0,1,0,0,0,0.950967742,0.327705031,0.857863258,0.153297683,0.546623794,0.105882353,0.5,0,0.076225045
0.625,0.428571429,0,0,0,0,0,0,0,0,1,0,0,0,0,0,0,1,0,0,0,0.956129032,0.406271537,0.90958133,0.13368984,0.623794212,0.141176471,0.2,0,0
0.5,0.285714286,0,0,0,0,0,0,0,0,1,0,0,0,0,0,0,1,0,0,0,0.956129032,0.406271537,0.90958133,0.13368984,0.623794212,0.152941176,0.655555556,0,0.08892922
0.625,0.142857143,0,0,0,0,0,0,0,0,1,0,0,0,0,0,0,1,0,0,0,0.956129032,0.406271537,0.90958133,0.13368984,0.536977492,0.223529412,0.755555556,0,0.692881629
0,0.285714286,0,0,0,0,0,0,0,0,1,0,0,0,0,0,0,1,0,0,0,0.956129032,0.406271537,0.90958133,0.13368984,0.469453376,0.152941176,0.4,0,0.145392216
0.625,0.428571429,0,0,0,0,0,0,0,0,1,0,0,0,0,0,0,1,0,0,0,0.956129032,0.406271537,0.90958133,0.13368984,0.469453376,0.152941176,0.4,0,0.020367009
0.25,0.428571429,0,0,0,0,0,0,0,0,1,0,0,0,0,0,0,1,0,0,0,0.929032258,0.467953136,0.955670224,0.121212121,0.344051447,0.282352941,0.255555556,0,0.043960476
0.625,0.428571429,0,0,0,0,0,0,0,0,1,0,0,0,0,0,0,1,0,0,0,0.895483871,0.179875948,0.84320394,0.096256684,0.36977492,0.482352941,0.155555556,0,0.089130873
0,0.285714286,0,0,0,0,0,0,0,0,1,0,0,0,0,0,0,0,0,1,0,0.948387097,0.348725017,0.872053477,0.14973262,0.707395498,0.141176471,0.3,0,0
0.5,0.285714286,0,0,0,0,0,0,0,0,1,0,0,0,0,0,0,0,0,1,0,0.948387097,0.348725017,0.872053477,0.14973262,0.704180064,0.141176471,0.3,0,0
0.625,0.428571429,0,0,0,0,0,0,0,0,1,0,0,0,0,0,0,0,0,1,0,0.948387097,0.348725017,0.872053477,0.14973262,0.610932476,0.2,0.2,0,0
0.625,0.428571429,0,0,0,0,0,0,0,0,1,0,0,0,0,0,0,0,0,1,0,0.948387097,0.348725017,0.872053477,0.14973262,0.562700965,0.235294118,0.155555556,0,0
0.375,0.142857143,0,0,0,0,0,0,0,0,1,0,0,0,0,0,0,0,0,1,0,0.948387097,0.348725017,0.872053477,0.14973262,0.68488746,0.141176471,0.4,0,0.067150635
0.25,0.142857143,0,0,0,0,0,0,0,0,1,0,0,0,0,0,0,0,0,1,0,0.948387097,0.348725017,0.872053477,0.14973262,0.707395498,0.141176471,0.3,0,0.132688042
0.75,0.285714286,0,0,0,0,0,0,0,0,1,0,0,0,0,0,0,0,0,1,0,0.935483871,0.424879394,0.923419726,0.151515152,0.620578778,0.152941176,0.455555556,0,0.315386167
0.375,0.285714286,0,0,0,0,0,0,0,0,1,0,0,0,0,0,0,0,0,1,0,0.935483871,0.424879394,0.923419726,0.151515152,0.479099678,0.305882353,0.2,0,0.226255293
0,0.285714286,0,0,0,0,0,0,0,0,1,0,0,0,1,0,0,0,0,0,0,0.947096774,0.298414886,0.836402017,0.169340463,0.511254019,0.458823529,0.3,0,0.042952208
0.125,0.142857143,0,0,0,0,0,0,0,0,1,0,0,0,1,0,0,0,0,0,0,0.940645161,0.369745003,0.886712795,0.110516934,0.508038585,0.423529412,0.555555556,0,0
0.375,0.142857143,0,0,0,0,0,0,0,0,1,0,0,0,1,0,0,0,0,0,0,0.940645161,0.369745003,0.886712795,0.110516934,0.24437299,0.835294118,0.155555556,0,0
0.75,0.285714286,0,0,0,0,0,0,0,0,1,0,0,0,1,0,0,0,0,0,0,0.940645161,0.369745003,0.886712795,0.110516934,0.549839228,0.341176471,0.2,0,0
0.875,0.571428571,0,0,0,0,0,0,0,0,1,0,0,0,1,0,0,0,0,0,0,0.940645161,0.369745003,0.886712795,0.110516934,0.659163987,0.235294118,0.2,0,0.150836862
0.125,0.285714286,0,0,0,0,0,0,0,0,1,0,0,0,1,0,0,0,0,0,0,0.940645161,0.369745003,0.886712795,0.110516934,0.585209003,0.305882353,0.155555556,0,0.029643073
0.125,0.428571429,0,0,0,0,0,0,0,0,1,0,0,0,1,0,0,0,0,0,0,0.940645161,0.369745003,0.886712795,0.110516934,0.549839228,0.341176471,0.2,0,0.079249849
0.875,0.571428571,0,0,0,0,0,0,0,0,1,0,0,0,1,0,0,0,0,0,0,0.944516129,0.381116471,0.894101091,0.115864528,0.434083601,0.423529412,0.2,0,0
0.625,0.142857143,0,0,0,0,0,0,0,0,1,0,0,0,1,0,0,0,0,0,0,0.939354839,0.44452102,0.937258121,0.13368984,0.591639871,0.258823529,0.155555556,0,0
0.875,0.571428571,0,0,0,0,0,0,0,0,1,0,0,0,1,0,0,0,0,0,0,0.939354839,0.44452102,0.937258121,0.13368984,0.440514469,0.423529412,0.455555556,0,0.043960476
0.625,0.142857143,0,0,0,0,0,0,0,0,1,0,0,0,1,0,0,0,0,0,0,0.939354839,0.44452102,0.937258121,0.13368984,0.321543408,0.6,0.5,0,0.123008671
0.125,0,0,0,0,0,0,0,0,0,1,0,0,0,1,0,0,0,0,0,0,0.939354839,0.44452102,0.937258121,0.13368984,0.469453376,0.329411765,0.3,0,0.117564025
0,0.285714286,0,0,0,0,0,0,0,0,1,0,0,0,1,0,0,0,0,0,0,0.939354839,0.44452102,0.937258121,0.13368984,0.61414791,0.235294118,0.2,0,0.568461383
0.5,0.285714286,0,0,0,0,0,0,0,0,1,0,0,0,0,0,0,0,1,0,0,0.947096774,0.337353549,0.864782456,0.171122995,0.254019293,0.705882353,0.355555556,0,0
0.25,0.285714286,0,0,0,0,0,0,0,0,1,0,0,0,0,0,0,0,1,0,0,0.947096774,0.337353549,0.864782456,0.171122995,0.488745981,0.494117647,0.455555556,0,0
0.5,0.285714286,0,0,0,0,0,0,0,0,1,0,0,0,0,0,0,0,1,0,0,0.947096774,0.337353549,0.864782456,0.171122995,0.340836013,0.576470588,0.355555556,0,0.033071184
0.5,0.285714286,0,0,0,0,0,0,0,0,1,0,0,0,0,0,0,0,1,0,0,0.947096774,0.337353549,0.864782456,0.171122995,0.254019293,0.705882353,0.355555556,0,0.07481347
0.375,0.285714286,0,0,0,0,0,0,0,0,1,0,0,0,0,0,0,0,1,0,0,0.947096774,0.337353549,0.864782456,0.171122995,0.424437299,0.447058824,0.655555556,0,0.147408752
0.75,0.285714286,0,0,0,0,0,0,0,0,1,0,0,0,0,0,0,0,1,0,0,0.947096774,0.337353549,0.864782456,0.171122995,0.591639871,0.329411765,0.355555556,0,0.040935673
0.75,0.285714286,0,0,0,0,0,0,0,0,1,0,0,0,0,0,0,0,1,0,0,0.947096774,0.337353549,0.864782456,0.171122995,0.565916399,0.376470588,0.255555556,0,0.034684412
0.75,0.285714286,0,0,0,0,0,0,0,0,1,0,0,0,0,0,0,0,1,0,0,0.947096774,0.337353549,0.864782456,0.171122995,0.530546624,0.411764706,0.2,0,0.120387175
0.375,0.285714286,0,0,0,0,0,0,0,0,1,0,0,0,0,0,0,0,1,0,0,0.947096774,0.337353549,0.864782456,0.171122995,0.59807074,0.235294118,0.5,0,0.263359548
0.375,0.285714286,0,0,0,0,0,0,0,0,1,0,0,0,0,0,0,0,1,0,0,0.947096774,0.337353549,0.864782456,0.171122995,0.59807074,0.235294118,0.5,0,0.025408348
0.625,0.142857143,0,0,0,0,0,0,0,0,1,0,0,0,0,0,0,0,1,0,0,0.952258065,0.416609235,0.916852351,0.181818182,0.440514469,0.470588235,0.355555556,0,0
0.625,0.142857143,0,0,0,0,0,0,0,0,1,0,0,0,0,0,0,0,1,0,0,0.952258065,0.416609235,0.916852351,0.181818182,0.562700965,0.282352941,0.255555556,0,0
0,0.285714286,0,0,0,0,0,0,0,0,1,0,0,0,0,0,0,0,1,0,0,0.952258065,0.416609235,0.916852351,0.181818182,0.607717042,0.282352941,0.2,0,0.16374269
0.625,0.428571429,0,0,0,0,0,0,0,0,1,0,0,0,0,0,0,0,1,0,0,0.952258065,0.416609235,0.916852351,0.181818182,0.520900322,0.317647059,0.2,0,0.021980238
0.375,0.142857143,0,0,0,0,0,0,0,0,1,0,0,0,0,0,0,0,1,0,0,0.952258065,0.416609235,0.916852351,0.181818182,0.485530547,0.352941176,0.4,0,0.079451502
0.75,0.285714286,0,0,0,0,0,0,0,0,1,0,0,0,0,0,0,0,1,0,0,0.896774194,0.186423156,0.849536766,0.206773619,0.418006431,0.576470588,0.3,0,0.010485985
0.375,0.142857143,0,0,0,0,0,0,0,0,1,0,0,0,0,1,0,0,0,0,0,0.944516129,0.381116471,0.894101091,0.115864528,0.440514469,0.447058824,0.2,0,0.059084493
0.625,0.428571429,0,0,0,0,0,0,0,0,1,0,0,0,0,1,0,0,0,0,0,0.944516129,0.381116471,0.894101091,0.115864528,0.607717042,0.235294118,0.255555556,0,0.113934261
0.625,0.428571429,0,0,0,0,0,0,0,0,1,0,0,0,0,1,0,0,0,0,0,0.944516129,0.381116471,0.894101091,0.115864528,0.559485531,0.352941176,0.3,0,0.403912079
0.375,0.428571429,0,0,0,0,0,0,0,0,1,0,0,0,0,1,0,0,0,0,0,0.934193548,0.452101999,0.943121848,0.222816399,0.440514469,0.270588235,0.555555556,0,0.035289373
0.375,0.428571429,0,0,0,0,0,0,0,0,1,0,0,0,0,1,0,0,0,0,0,0.934193548,0.452101999,0.943121848,0.222816399,0.45659164,0.141176471,0.355555556,0,0
0.625,0.428571429,0,0,0,0,0,0,0,0,1,0,0,0,0,0,0,0,0,1,0,0.935483871,0.321157822,0.863726985,0.14973262,0.469453376,0.376470588,0.5,0,0.254890099
0.375,0.428571429,0,0,0,0,0,0,0,0,1,0,0,0,0,0,0,0,0,0,1,0.932903226,0.948311509,0.958367538,0.126559715,0.372990354,0.729411765,0.8,0,0
0.75,0.285714286,0,0,0,0,0,0,0,0,1,0,0,0,0,0,0,0,0,0,1,0.932903226,0.948311509,0.958367538,0.126559715,0.372990354,0.729411765,0.8,0,0.223028836
0.25,0.285714286,0,0,0,0,0,0,1,0,0,0,0,0,0,0,1,0,0,0,0,0.944516129,0.456581668,0.60114929,0.142602496,0.38585209,0.505882353,0.4,0,0
0.375,0.428571429,0,0,0,0,0,0,0,1,0,0,0,0,0,0,0,0,0,0,1,0.945806452,0.696416265,0.770024628,0.144385027,0.263665595,0.705882353,0.055555556,0,0
0.5,0.285714286,0,0,0,0,0,0,0,1,0,0,0,0,0,0,0,1,0,0,0,0.981935484,0.762577533,0.810015246,0.247771836,0.581993569,0.317647059,0.255555556,0,0
0.625,0.428571429,0,0,0,0,0,0,0,0,1,0,0,0,0,0,0,0,1,0,0,0.923870968,0.995520331,0.993784449,0.131907308,0.260450161,0.741176471,0.4,0,0.369026013
0.625,0.428571429,0,0,0,0,0,0,0,0,1,0,0,0,0,0,0,0,0,1,0,0.935483871,0.321157822,0.863726985,0.14973262,0.424437299,0.494117647,0.5,0,0.793506755
0.875,0.571428571,0,0,0,0,0,0,0,1,0,0,0,0,1,0,0,0,0,0,0,0.947096774,0.709510682,0.779523865,0.146167558,0.607717042,0.458823529,0.2,0,0
0.625,0.428571429,0,0,1,0,0,0,0,0,0,0,0,0,0,0,0,1,0,0,0,0.931612903,0.061337009,0.026621321,0.142602496,0.209003215,0.423529412,0.6,0,0
0.375,0.428571429,1,0,0,0,0,0,0,0,0,0,0,0,0,0,0,0,0,0,1,0,0,0.191743872,0,0.096463023,1,0.055555556,0,0
0.5,0.285714286,0,0,0,0,0,0,1,0,0,0,0,0,0,0,1,0,0,0,0,0.967741935,0.345279118,0.528790899,0.212121212,0.549839228,0.282352941,0.755555556,0,0.155878201
0.875,0.571428571,0,0,0,0,0,0,0,1,0,0,0,0,0,0,0,1,0,0,0,0.929032258,0.66505858,0.744810602,0.121212121,0.450160772,0.564705882,0.255555556,0,0.329300262
0.875,0.571428571,0,0,0,0,0,0,0,1,0,0,0,0,0,0,1,0,0,0,0,0.987096774,0.746381806,0.799929635,0.320855615,0.836012862,0.164705882,0.155555556,0,0.118168986
1,0.571428571,0,0,0,0,0,0,0,1,0,0,0,0,0,0,0,1,0,0,0,0.940645161,0.852170917,0.874750792,0.112299465,0.588424437,0.505882353,0.255555556,0,0.864488808
0.875,0.285714286,0,0,0,0,0,0,0,1,0,0,0,0,0,0,0,0,0,1,0,0.940645161,0.939696761,0.951331066,0.137254902,0.61414791,0.341176471,0.455555556,0,0.245614035
0.125,0.285714286,0,0,0,0,0,0,0,1,0,0,0,0,0,0,0,0,0,0,1,0.940645161,0.620951068,0.70962824,0.135472371,0.601286174,0.411764706,0.2,0,0.322645695
0.25,0.285714286,0,0,0,0,0,0,0,0,1,0,0,0,0,0,0,0,0,0,1,0.926451613,0.329427981,0.870880732,0.203208556,0.591639871,0.470588235,0.555555556,0,0.495866102
0.5,0.428571429,0,0,1,0,0,0,0,0,0,0,0,0,0,0,0,1,0,0,0,0.931612903,0.061337009,0.026621321,0.142602496,0.302250804,0.388235294,0.555555556,0,0
0.625,0.285714286,0,0,0,0,0,0,0,1,0,0,0,0,0,0,0,0,1,0,0,0.981935484,0.77842867,0.819514483,0.213903743,0.678456592,0.223529412,0.3,0,0.579552329
0.75,0.285714286,0,0,0,0,0,0,0,1,0,0,0,0,0,0,0,0,1,0,0,0.981935484,0.77842867,0.819514483,0.213903743,0.678456592,0.223529412,0.3,0,0
0.75,0.285714286,0,1,0,0,0,0,0,0,0,0,0,0,1,0,0,0,0,0,0,0.851612903,0.028945555,0.059106368,0.073083779,0.170418006,0.658823529,0.655555556,0,0.200846945
0.875,0.571428571,0,0,0,0,0,0,0,0,1,0,0,0,0,0,0,0,1,0,0,0.934193548,0.310820124,0.856338689,0.128342246,0.594855305,0.364705882,0.255555556,0,0.608590442
0.125,0.285714286,0,0,1,0,0,0,0,0,0,0,0,0,0,1,0,0,0,0,0,0.963870968,0.047898001,0.020757594,0.203208556,0.418006431,0.047058824,0.8,0,0
0.625,0.428571429,0,1,0,0,0,0,0,0,0,0,0,0,1,0,0,0,0,0,0,0.843870968,0.012060648,0.045502521,0.039215686,0.099678457,0.623529412,0.155555556,0,0
0.375,0.142857143,0,0,0,0,0,0,0,0,1,0,0,0,0,0,0,0,0,0,1,0.926451613,0.329427981,0.870880732,0.203208556,0.585209003,0.470588235,0.5,0,0.073401896
0.5,0.571428571,0,0,0,0,0,0,0,1,0,0,0,0,0,0,0,0,0,0,1,0.940645161,0.620951068,0.70962824,0.135472371,0.710610932,0.211764706,0.355555556,0,0.073200242
0,0,0,0,0,0,0,0,0,1,0,0,0,0,0,0,0,0,0,1,0,0.967741935,0.792556857,0.829365545,0.14973262,0.762057878,0.2,0.3,0,0
1,0.428571429,0,0,0,0,0,1,0,0,0,0,0,0,0,0,1,0,0,0,0,0.962580645,0.16678153,0.339861616,0.249554367,0.829581994,0.223529412,0.455555556,0,0
1,0.428571429,0,0,0,0,0,1,0,0,0,0,0,0,0,0,1,0,0,0,0,0.962580645,0.16678153,0.339861616,0.249554367,0.829581994,0.223529412,0.455555556,0,0.164549304
0.25,0.285714286,0,0,0,0,0,0,0,0,1,0,0,0,0,0,0,1,0,0,0,0.934193548,0.300137836,0.848833118,0.147950089,0.662379421,0.364705882,0.4,0,0.099818512
1,1,0,0,0,0,0,0,0,1,0,0,0,0,0,0,0,0,1,0,0,0.981935484,0.77842867,0.819514483,0.213903743,0.733118971,0.247058824,0.4,0,0
0.875,0.571428571,0,0,0,0,0,0,0,1,0,0,0,0,0,0,0,1,0,0,0,0.929032258,0.66505858,0.744810602,0.121212121,0.61414791,0.305882353,0.355555556,0,0
0.125,0.285714286,0,0,0,0,0,0,0,0,1,0,0,0,0,0,1,0,0,0,0,0.892903226,0.288421778,0.841092999,0.065953654,0.63022508,0.223529412,0.2,0,0.12179875
0.125,0,0,0,0,0,0,0,0,1,0,0,0,0,0,1,0,0,0,0,0,0.979354839,0.727084769,0.789257652,0.169340463,0.826366559,0.141176471,0.2,0,0
0.625,0.428571429,0,0,0,0,0,0,0,0,1,0,0,0,0,0,0,0,0,1,0,0.882580645,1,1,0.071301248,0.475884244,0.611764706,0.5,0,0.079653156
0.375,0.428571429,0,1,0,0,0,0,0,0,0,0,0,0,0,0,0,0,0,1,0,0.851612903,0.024465886,0.055236308,0.051693405,0.38585209,0.364705882,0.4,0,0
0.375,0.142857143,0,0,0,0,0,0,0,0,1,0,0,0,0,0,0,0,1,0,0,0.923870968,0.995520331,0.993784449,0.131907308,0.569131833,0.341176471,0.3,0,0.157289776
0,0.285714286,0,0,0,0,0,0,1,0,0,0,0,0,0,1,0,0,0,0,0,0.949677419,0.327705031,0.518705289,0.215686275,0.681672026,0.188235294,0.555555556,0,0
0.625,0.142857143,0,1,0,0,0,0,0,0,0,0,0,0,0,0,0,0,1,0,0,0.843870968,0.021364576,0.052656268,0.048128342,0.40192926,0.317647059,0.255555556,0,0
0.75,0.285714286,0,1,0,0,0,0,0,0,0,0,0,0,0,0,0,0,1,0,0,0.850322581,0.007236389,0.041867011,0.058823529,0.192926045,0.447058824,1,0,0.093163944
1,0.285714286,0,0,0,0,0,0,1,0,0,0,0,0,1,0,0,0,0,0,0,0.949677419,0.313576844,0.509206051,0.174688057,0.662379421,0.141176471,0.455555556,0,0.03286953
0.75,0.428571429,0,0,0,0,0,0,0,1,0,0,0,0,0,0,0,0,0,1,0,0.967741935,0.792556857,0.829365545,0.14973262,0.778135048,0.211764706,0.355555556,0,0
0.5,0.285714286,0,0,0,0,0,0,0,1,0,0,0,0,0,0,0,0,0,0,1,0.966451613,0.806340455,0.838747508,0.180035651,0.704180064,0.411764706,0.4,0,0
0.625,0.142857143,0,0,0,0,0,0,1,0,0,0,0,0,0,1,0,0,0,0,0,0.95483871,0.561681599,0.666002111,0.158645276,0.774919614,0.282352941,0.3,0,0.141560799
0.625,0.428571429,0,0,1,0,0,0,0,0,0,0,0,0,0,0,1,0,0,0,0,0.963870968,0.05582357,0.023924006,0.176470588,0.372990354,0.105882353,0.6,0,0
0.125,0.285714286,0,0,0,0,0,0,0,1,0,0,0,0,0,0,0,0,0,0,1,0.945806452,0.696416265,0.770024628,0.144385027,0.729903537,0.317647059,0.555555556,0,0.049203468
0.125,0.428571429,0,0,0,0,0,0,0,1,0,0,0,0,0,0,0,0,0,0,1,0.940645161,0.620951068,0.70962824,0.135472371,0.726688103,0.247058824,0.4,0,0.061504336
0.125,0.285714286,0,0,0,0,0,0,0,1,0,0,0,0,0,0,1,0,0,0,0,0.987096774,0.746381806,0.799929635,0.320855615,0.919614148,0.047058824,0.455555556,0,0
0.875,0.571428571,0,0,0,0,0,0,1,0,0,0,0,0,0,0,0,0,0,0,1,0.905806452,0.902825637,0.924123373,0.092691622,0.871382637,0.141176471,0.355555556,0,0.127041742
0,0.142857143,0,0,0,0,0,0,0,0,1,0,0,0,0,0,0,0,0,1,0,0.935483871,0.321157822,0.863726985,0.14973262,0.646302251,0.388235294,0.4,0,0.014519056
0.875,0.571428571,0,0,0,0,0,0,0,1,0,0,0,0,0,0,0,0,0,1,0,0.967741935,0.792556857,0.829365545,0.14973262,0.794212219,0.188235294,0.355555556,0,0.100020165
0.125,0,0,0,0,0,0,0,0,1,0,0,0,0,0,0,0,1,0,0,0,0.940645161,0.852170917,0.874750792,0.112299465,0.585209003,0.482352941,0.2,0,0
0.875,0.571428571,0,0,0,0,0,0,0,1,0,0,0,0,0,0,0,1,0,0,0,0.940645161,0.852170917,0.874750792,0.112299465,0.585209003,0.482352941,0.2,0,0
0.125,0.285714286,0,0,0,0,0,0,0,1,0,0,0,0,1,0,0,0,0,0,0,0.947096774,0.709510682,0.779523865,0.146167558,0.826366559,0.211764706,0.2,0,0.047388586
0,0.142857143,0,0,0,0,0,0,0,1,0,0,0,0,0,0,0,1,0,0,0,0.981935484,0.762577533,0.810015246,0.247771836,0.77170418,0.223529412,0.6,0,0
0.25,0.285714286,0,0,0,0,0,0,0,1,0,0,0,0,0,0,0,0,0,0,1,0.940645161,0.620951068,0.70962824,0.135472371,0.720257235,0.341176471,0.4,0,0.064529139
0.75,0.285714286,0,0,0,0,0,0,0,0,1,0,0,0,0,0,0,1,0,0,0,0.916129032,0.985871813,0.986747977,0.121212121,0.553054662,0.352941176,0.355555556,0,0
0,0.142857143,0,0,0,0,0,0,0,1,0,0,0,0,0,0,0,0,0,1,0,0.947096774,0.6095796,0.7005981,0.171122995,0.678456592,0.294117647,0.4,0,0.128251664
0.875,0.571428571,0,0,0,0,0,0,0,1,0,0,0,0,0,0,0,1,0,0,0,0.981935484,0.762577533,0.810015246,0.247771836,0.697749196,0.270588235,0.7,0,0
0.125,0.285714286,0,0,0,0,0,0,0,1,0,0,0,0,0,0,0,0,0,0,1,0.966451613,0.806340455,0.838747508,0.180035651,0.601286174,0.6,0.5,0,0.30933656
0,0.285714286,0,0,0,0,0,0,0,1,0,0,0,0,0,0,0,0,1,0,0,0.927741935,0.925913163,0.942066377,0.098039216,0.643086817,0.352941176,0.355555556,0,0
0.125,0.428571429,0,0,0,0,0,0,1,0,0,0,0,0,0,0,0,0,0,1,0,0.930322581,0.288077188,0.432391228,0.099821747,0.694533762,0.423529412,0.155555556,0,0
0.875,0.571428571,0,0,0,0,0,0,0,1,0,0,0,0,1,0,0,0,0,0,0,0.947096774,0.709510682,0.779523865,0.146167558,0.790996785,0.235294118,0.1,0,0.010889292
0.875,0.571428571,0,0,0,0,0,0,0,1,0,0,0,0,0,0,0,0,0,1,0,0.912258065,0.870089593,0.891872874,0.172905526,0.38585209,0.682352941,0.255555556,0,0
0.125,0.428571429,0,0,0,0,0,0,0,1,0,0,0,0,0,0,0,0,0,1,0,0.967741935,0.792556857,0.829365545,0.14973262,0.688102894,0.447058824,0.4,0,0.129663239
0,0.142857143,0,0,0,0,0,0,0,0,1,0,0,0,0,0,0,0,1,0,0,0.934193548,0.310820124,0.856338689,0.128342246,0.54340836,0.364705882,0.2,0,0.006654567
0.5,0.285714286,0,0,0,0,0,0,0,0,1,0,0,0,0,0,0,0,1,0,0,0.923870968,0.995520331,0.993784449,0.131907308,0.450160772,0.505882353,0.355555556,0,0
0.875,0.571428571,0,0,0,0,0,0,0,1,0,0,0,0,1,0,0,0,0,0,0,0.947096774,0.709510682,0.779523865,0.146167558,0.749196141,0.164705882,0.155555556,0,0.024803388
0.625,0.428571429,0,0,0,1,0,0,0,0,0,0,0,0,1,0,0,0,0,0,0,0.892903226,0.082012405,0.03952152,0.065953654,0.279742765,0.576470588,0.3,0,0.067553942
0,0,0,0,0,0,0,0,1,0,0,0,0,0,0,0,0,0,1,0,0,0.929032258,0.274982771,0.422657441,0.299465241,0.405144695,0.741176471,0.844444444,0,0
0.125,0.428571429,0,0,0,0,0,0,0,0,1,0,0,0,0,0,0,0,1,0,0,0.923870968,0.995520331,0.993784449,0.131907308,0.450160772,0.505882353,0.355555556,0,0.200846945
0.5,0.428571429,0,0,0,0,0,0,0,1,0,0,0,0,0,0,0,0,0,0,1,0.971612903,0.161268091,0.108830773,0.190730838,0.485530547,0.764705882,0.455555556,0,0
0.625,0.428571429,0,0,0,0,0,0,0,1,0,0,0,0,0,0,0,0,0,0,1,0.945806452,0.696416265,0.770024628,0.144385027,0.54340836,0.647058824,0.2,0,0
0.25,0.285714286,0,0,1,0,0,0,0,0,0,0,0,0,0,0,1,0,0,0,0,0.963870968,0.05582357,0.023924006,0.176470588,0.215434084,0.235294118,0.844444444,0,0
0.75,0.285714286,0,0,0,0,0,0,0,0,1,0,0,0,0,0,1,0,0,0,0,0.916129032,0.977946244,0.980532426,0.180035651,0.266881029,0.729411765,0.4,0,0
0.75,0.285714286,0,0,0,0,0,0,0,1,0,0,0,0,0,0,0,0,0,0,1,0.940645161,0.620951068,0.70962824,0.135472371,0.549839228,0.541176471,0.5,0,0
0.375,0.428571429,0,0,0,0,0,0,0,1,0,0,0,0,0,0,1,0,0,0,0,0.987096774,0.746381806,0.799929635,0.320855615,0.681672026,0.4,0.555555556,0,0.129663239
0,0.285714286,0,0,0,0,0,0,0,1,0,0,0,0,0,0,0,0,1,0,0,0.926451613,0.674362509,0.752902545,0.290552585,0.308681672,0.858823529,0.5,0,0.195805606
0.75,0.285714286,0,0,0,0,0,0,0,1,0,0,0,0,1,0,0,0,0,0,0,0.939354839,0.817022743,0.847543098,0.13368984,0.498392283,0.588235294,0.4,0,0
0.375,0.428571429,0,0,0,0,0,0,0,1,0,0,0,0,0,0,0,1,0,0,0,0.912258065,0.913507926,0.932801689,0.099821747,0.488745981,0.458823529,0.3,0,0
0.25,0.285714286,0,0,0,0,0,0,0,1,0,0,0,0,0,0,0,1,0,0,0,0.940645161,0.852170917,0.874750792,0.112299465,0.469453376,0.482352941,0.3,0,0
0.25,0.285714286,0,0,0,0,0,0,1,0,0,0,0,0,1,0,0,0,0,0,0,0.979354839,0.547553411,0.655916501,0.297682709,0.504823151,0.388235294,0.255555556,0,0
0.125,0.285714286,0,0,0,0,0,0,0,1,0,0,0,0,0,0,0,1,0,0,0,0.940645161,0.852170917,0.874750792,0.112299465,0.463022508,0.517647059,0.255555556,0,0
0.875,0.571428571,0,0,0,0,0,0,0,1,0,0,0,0,0,0,0,0,0,1,0,0.967741935,0.792556857,0.829365545,0.14973262,0.536977492,0.576470588,0.5,0,0.066948982
0.75,0.285714286,0,0,0,0,0,0,0,1,0,0,0,0,0,0,0,0,0,1,0,0.940645161,0.939696761,0.951331066,0.137254902,0.427652733,0.670588235,0.844444444,0,0.03912079
0.125,0.428571429,0,0,0,0,0,0,0,1,0,0,0,0,0,0,0,0,0,1,0,0.967741935,0.792556857,0.829365545,0.14973262,0.536977492,0.576470588,0.5,0,0
0.875,0.571428571,0,0,0,0,0,0,0,1,0,0,0,0,0,0,0,0,0,1,0,0.967741935,0.792556857,0.829365545,0.14973262,0.536977492,0.576470588,0.5,0,0
0,0.285714286,0,0,0,0,0,0,0,0,1,0,0,0,0,0,0,0,0,0,1,0.932903226,0.948311509,0.958367538,0.126559715,0.395498392,0.717647059,0.8,0,0.07481347
0.625,0.428571429,0,1,0,0,0,0,0,0,0,0,0,0,0,1,0,0,0,0,0,0.727741935,0.011371468,0.009733787,0.033868093,0.077170418,0.788235294,0.655555556,0,0.108691268
0.625,0.285714286,0,1,0,0,0,0,0,0,0,0,0,0,0,1,0,0,0,0,0,0.727741935,0.011371468,0.009733787,0.033868093,0.093247588,0.729411765,0.555555556,0,0.043153862
0.125,0,0,1,0,0,0,0,0,0,0,0,0,0,0,0,0,0,0,1,0,0.784516129,0.008614748,0.008678316,0.032085561,0.077170418,0.517647059,0.055555556,0,0.137931034
0.625,0.428571429,0,0,1,0,0,0,0,0,0,0,0,0,1,0,0,0,0,0,0,0.883870968,0.048242591,0.034009617,0.126559715,0.257234727,0.352941176,0.6,0,0.064125832
0.25,0.285714286,0,0,1,0,0,0,0,0,0,0,0,0,0,0,1,0,0,0,0,0.922580645,0.059958649,0.038935147,0.130124777,0.289389068,0.305882353,0.555555556,0,0.111917725
0.625,0.428571429,0,0,1,0,0,0,0,0,0,0,0,0,0,0,0,1,0,0,0,0.936774194,0.067195038,0.041749736,0.151515152,0.356913183,0.141176471,0.355555556,0,0.133293003
0.5,0.285714286,0,0,0,1,0,0,0,0,0,0,0,0,0,0,0,0,0,0,1,0.932903226,0.046519642,0.020757594,0.219251337,0.495176849,0.141176471,0.6,0,0
0.375,0.142857143,0,0,0,0,1,0,0,0,0,0,0,0,0,0,0,0,1,0,0,0.91483871,0.083735355,0.077166647,0.101604278,0.508038585,0.294117647,0.4,0,0.775962896
0.875,0.142857143,0,0,0,0,0,1,0,0,0,0,0,0,1,0,0,0,0,0,0,0.896774194,0.327705031,0.259294007,0.083778966,0.389067524,0.752941176,0.4,0,0.03912079
0.375,0.142857143,0,0,0,0,0,1,0,0,0,0,0,0,0,0,0,1,0,0,0,0.958709677,0.353893866,0.362143779,0.192513369,0.778135048,0.235294118,0.255555556,0,0.203266788
0.125,0.428571429,0,0,0,0,0,1,0,0,0,0,0,0,0,0,0,1,0,0,0,0.967741935,0.415575465,0.401430749,0.320855615,0.659163987,0.294117647,1,0,0.064327485
0.375,0.142857143,0,0,0,0,0,0,1,0,0,0,0,0,0,0,0,1,0,0,0,0.96516129,0.290144728,0.453969743,0.176470588,0.803858521,0.152941176,0.1,0,0.035491026
0.375,0.142857143,0,0,0,0,0,0,1,0,0,0,0,0,0,0,0,0,0,0,1,0.967741935,0.345279118,0.487275712,0.262032086,0.768488746,0.352941176,0.4,0,0.14841702
0.75,0.285714286,0,0,0,0,0,0,1,0,0,0,0,0,0,0,0,0,0,0,1,0.967741935,0.345279118,0.487275712,0.262032086,0.514469453,0.788235294,0.455555556,0,0.044565437
1,1,0,0,0,0,0,0,1,0,0,0,0,0,0,0,0,1,0,0,0,0.961290323,0.3904204,0.647472734,0.169340463,0.900321543,0.117647059,0.455555556,0,0.055454729
0.375,0.142857143,0,0,0,0,0,0,1,0,0,0,0,0,0,0,0,1,0,0,0,0.961290323,0.3904204,0.647472734,0.169340463,0.900321543,0.082352941,0.5,0,0
0.25,0.285714286,0,0,0,0,0,0,0,1,0,0,0,0,0,0,0,0,0,0,1,0.983225806,0.4452102,0.679254134,0.251336898,0.681672026,0.294117647,0.6,0,0.026013309
0.875,0.571428571,0,0,0,0,0,0,0,1,0,0,0,0,0,0,0,0,0,0,1,0.983225806,0.4452102,0.679254134,0.251336898,0.926045016,0.141176471,0.555555556,0,0
0.125,0.428571429,0,0,0,0,0,0,0,1,0,0,0,0,0,0,0,0,0,0,1,0.983225806,0.4452102,0.679254134,0.251336898,0.993569132,0.117647059,0.4,0,0.532970357
0.125,0.285714286,0,0,0,0,0,0,0,1,0,0,0,0,1,0,0,0,0,0,0,0.984516129,0.463128877,0.690043392,0.379679144,0.91318328,0.152941176,0.355555556,0,0.041742287
0.5,0.285714286,0,0,0,0,0,0,0,1,0,0,0,0,0,1,0,0,0,0,0,0.985806452,0.483115093,0.701184473,0.315508021,0.704180064,0.329411765,0.655555556,0,0.040330712
0.5,0.285714286,0,0,0,0,0,0,0,1,0,0,0,0,0,1,0,0,0,0,0,0.985806452,0.483115093,0.701184473,0.315508021,0.778135048,0.223529412,0.355555556,0,0.330711837
0.375,0.285714286,0,0,0,0,0,0,0,1,0,0,0,0,0,1,0,0,0,0,0,0.985806452,0.483115093,0.701184473,0.315508021,0.553054662,0.658823529,0.8,0,0.941722121
0.375,0.285714286,0,0,0,0,0,0,0,1,0,0,0,0,0,0,1,0,0,0,0,0.985806452,0.483115093,0.701184473,0.315508021,0.591639871,0.505882353,0.1,0,0
0.375,0.285714286,0,0,0,0,0,0,0,1,0,0,0,0,0,0,1,0,0,0,0,0.985806452,0.483115093,0.701184473,0.315508021,0.852090032,0.211764706,0.4,0,0
0.375,0.285714286,0,0,0,0,0,0,0,1,0,0,0,0,0,0,0,1,0,0,0,0.99483871,0.519986216,0.722645714,0.245989305,0.971061093,0.070588235,0.455555556,0,0
0,0.142857143,0,0,0,0,0,0,0,1,0,0,0,0,0,0,0,0,1,0,0,0.996129032,0.540661613,0.733786795,0.201426025,0.971061093,0.141176471,0.2,0,0
0,0.142857143,0,0,0,0,0,0,0,1,0,0,0,0,0,0,0,0,1,0,0,0.996129032,0.540661613,0.733786795,0.201426025,0.813504823,0.164705882,0.455555556,0,0.873563218
0.625,0.571428571,0,0,0,0,0,0,0,1,0,0,0,0,0,0,0,0,0,1,0,0.997419355,0.561337009,0.744810602,0.249554367,0.919614148,0.176470588,0.5,0,0.173220407
0.625,0.571428571,0,0,0,0,0,0,0,1,0,0,0,0,1,0,0,0,0,0,0,1,0.600964852,0.766858215,0.299465241,0.697749196,0.317647059,0.2,0,0
0.375,0.428571429,0,0,0,0,0,0,0,1,0,0,0,0,1,0,0,0,0,0,0,1,0.600964852,0.766858215,0.299465241,0.977491961,0.129411765,0.3,0,0.055858036
0.25,0.285714286,0,0,0,0,0,0,0,1,0,0,0,0,0,1,0,0,0,0,0,0.998709677,0.620261888,0.777882022,0.254901961,0.967845659,0.141176471,0.2,0,0.296027425
0.625,0.428571429,0,0,0,0,0,0,0,1,0,0,0,0,0,1,0,0,0,0,0,0.998709677,0.620261888,0.777882022,0.254901961,1,0.129411765,0.255555556,0,0.817503529
0.75,0.428571429,0,0,0,0,0,0,0,1,0,0,0,0,0,1,0,0,0,0,0,0.998709677,0.620261888,0.777882022,0.254901961,0.807073955,0.564705882,0.5,1,0.218189151
0.875,0.571428571,0,0,0,0,0,0,0,1,0,0,0,0,0,1,0,0,0,0,0,0.998709677,0.620261888,0.777882022,0.254901961,0.623794212,0.588235294,0.5,0.125,0
0.75,0.428571429,0,0,0,0,0,0,0,1,0,0,0,0,0,1,0,0,0,0,0,0.998709677,0.620261888,0.777882022,0.254901961,0.623794212,0.588235294,0.5,0.125,0
0.375,0.285714286,0,0,0,0,0,0,0,1,0,0,0,0,0,1,0,0,0,0,0,0.998709677,0.620261888,0.777882022,0.254901961,0.594855305,0.635294118,0.5,0.0625,0
0.125,0.285714286,0,0,0,0,0,0,0,1,0,0,0,0,0,0,1,0,0,0,0,0.978064516,0.476567884,0.798874164,0.356506239,0.868167203,0.176470588,0.5,0,0.039322444
0.375,0.142857143,0,0,0,0,0,0,0,1,0,0,0,0,0,0,1,0,0,0,0,0.978064516,0.476567884,0.798874164,0.356506239,0.8585209,0.164705882,0.5,0,1
0,0,0,0,0,0,0,0,0,1,0,0,0,0,0,0,0,1,0,0,0,0.932903226,0.558580289,0.863726985,0.180035651,0.78778135,0.235294118,0.155555556,0,0.116959064
0,0,0,0,0,0,0,0,0,1,0,0,0,0,0,0,0,0,1,0,0,0.932903226,0.571330117,0.873343497,0.126559715,0.524115756,0.682352941,0.9,0,0
0.125,0.285714286,0,0,0,0,0,0,0,1,0,0,0,0,0,0,0,0,1,0,0,0.932903226,0.571330117,0.873343497,0.126559715,0.762057878,0.305882353,0.355555556,0,0
0,0,0,0,0,0,0,0,0,1,0,0,0,0,0,0,0,0,1,0,0,0.932903226,0.571330117,0.873343497,0.126559715,0.762057878,0.305882353,0.355555556,0,0
0.5,0.285714286,0,0,0,0,0,0,0,1,0,0,0,0,0,0,0,0,1,0,0,0.932903226,0.571330117,0.873343497,0.126559715,0.607717042,0.658823529,0.8,0.21875,0.043758822
0.625,0.428571429,0,0,0,0,0,0,0,1,0,0,0,0,0,0,0,0,1,0,0,0.932903226,0.571330117,0.873343497,0.126559715,0.514469453,0.552941176,0.555555556,0,0.008671103
0.875,0.571428571,0,0,0,0,0,0,0,1,0,0,0,0,0,0,0,0,0,0,1,0.811612903,0.191592006,0.771314648,0.033868093,0.823151125,0.235294118,0.255555556,0,0
0.375,0.142857143,0,0,0,0,0,0,0,1,0,0,0,0,0,0,0,0,0,0,1,0.811612903,0.191592006,0.771314648,0.033868093,0.823151125,0.2,0.255555556,0,0.129864892
0.75,0.285714286,0,0,0,0,0,0,0,1,0,0,0,0,0,0,0,0,0,0,1,0.811612903,0.191592006,0.771314648,0.033868093,0.610932476,0.647058824,0.7,0,0.225045372
0,0.285714286,0,0,0,0,0,0,0,1,0,0,0,0,0,0,0,0,0,1,0,0.976774194,0.49931082,0.711621907,0.201426025,0.752411576,0.317647059,0.4,0,0
0.625,0.142857143,0,0,0,0,0,0,0,0,0,0,1,0,0,1,0,0,0,0,0,0.784516129,0.006547209,0.115867245,0.019607843,0.308681672,0.188235294,0.455555556,0,0
